{"epoch":0,"H":[[0.06767798960208893,-0.066677987575531,0.0264979787170887,-0.0264979787170887,0.013955392874777317,-0.013955392874777317,0.009405282326042652,-0.009405282326042652,0.003326802747324109,-0.0033268018160015345,1.4271936379373074e-05,-1.4272867701947689e-05,0.005200681276619434,-0.005200680810958147,-0.0038669458590447903,0.0038669463247060776,0.0021970234811306,-0.0021970234811306,0.003037251066416502,-0.003037251066416502,0.0004138026270084083,-0.0004138034419156611,0.002193610416725278,-0.002193610416725278,0.0021839116234332323,-0.002183911856263876,-0.0023036105558276176,0.0023036105558276176,0.00046817492693662643,-0.0004681748687289655,0.004873878788203001,-0.004873878788203001,-0.000292547803837806,0.0002925479202531278,-0.00029114887001924217,0.0002911488409154117,-9.278231300413609e-05,9.278231300413609e-05,0.00010043768998002633,-0.00010043768998002633,0.0017905118875205517,-0.0017905120039358735,0.0011502046836540103,-0.0011502045672386885,0.0024948285426944494,-0.0024948285426944494,-8.671375690028071e-05,8.671364048495889e-05,0.00013159675290808082,-0.0001315971603617072,0.0016913451254367828,-0.001691345009021461,0.0017442195676267147,-0.0017442195676267147,0.0028646390419453382,-0.002864639274775982],[-0.066677987575531,0.06767798960208893,-0.0264979787170887,0.02649798057973385,-0.013955395668745041,0.013955395668745041,-0.009405285120010376,0.009405284188687801,-0.0033268036786466837,0.003326802048832178,-1.4271587133407593e-05,1.4271587133407593e-05,-0.005200678948312998,0.005200679413974285,0.0038669444620609283,-0.003866945393383503,-0.0021970225498080254,0.0021970230154693127,-0.003037252463400364,0.0030372522305697203,-0.00041380274342373013,0.0004138030926696956,-0.002193611115217209,0.002193611580878496,-0.0021839127875864506,0.0021839127875864506,0.0023036121856421232,-0.0023036119528114796,-0.00046817422844469547,0.00046817422844469547,-0.004873878322541714,0.004873878322541714,0.0002925486187450588,-0.0002925487351603806,0.0002911495103035122,-0.0002911492483690381,9.278103243559599e-05,-9.278126526623964e-05,-0.00010043740621767938,0.00010043734801001847,-0.001790511654689908,0.001790511654689908,-0.0011502048000693321,0.0011502048000693321,-0.0024948285426944494,0.0024948285426944494,8.671387331560254e-05,-8.671398973092437e-05,-0.000131596956634894,0.0001315973640885204,-0.0016913458239287138,0.0016913455910980701,-0.001744219334796071,0.001744219334796071,-0.0028646390419453382,0.002864639274775982],[0.0264979787170887,-0.0264979787170887,0.050314754247665405,-0.04931475594639778,0.008344740606844425,-0.008344740606844425,0.013884993270039558,-0.01388499140739441,0.0073669166304171085,-0.007366914767771959,0.0023074671626091003,-0.0023074676282703876,0.012239456176757812,-0.012239456176757812,0.0015286034904420376,-0.001528603257611394,0.007689946796745062,-0.007689947262406349,0.0038850365672260523,-0.003885036101564765,0.0006891046650707722,-0.0006891060038469732,-0.00039038551039993763,0.0003903857432305813,0.0033281585201621056,-0.0033281585201621056,0.008306699804961681,-0.008306700736284256,0.003230532631278038,-0.0032305328641086817,0.0032857833430171013,-0.0032857833430171013,0.001554138958454132,-0.001554138958454132,0.0021799770183861256,-0.0021799770183861256,0.0027592258993536234,-0.0027592258993536234,0.0010180302197113633,-0.0010180302197113633,0.0021161618642508984,-0.0021161618642508984,0.0007837219163775444,-0.0007837219163775444,0.0008434695191681385,-0.0008434696937911212,0.0012276123743504286,-0.0012276123743504286,0.0015618745237588882,-0.001561874756589532,0.003626211080700159,-0.003626211080700159,0.0026669041253626347,-0.0026669041253626347,0.0032621645368635654,-0.0032621645368635654],[-0.0264979787170887,0.02649798057973385,-0.04931475594639778,0.050314757972955704,-0.008344740606844425,0.008344740606844425,-0.013884993270039558,0.01388499140739441,-0.007366914767771959,0.007366913836449385,-0.002307468093931675,0.0023074685595929623,-0.012239458039402962,0.012239458039402962,-0.0015286037232726812,0.0015286033740267158,-0.007689949590712786,0.007689949125051498,-0.003885035403072834,0.003885035403072834,-0.0006891057128086686,0.0006891064695082605,0.0003903871402144432,-0.0003903871402144432,-0.0033281592186540365,0.003328158752992749,-0.008306700736284256,0.008306700736284256,-0.0032305335626006126,0.0032305335626006126,-0.0032857833430171013,0.003285783575847745,-0.001554138958454132,0.001554138958454132,-0.0021799765527248383,0.0021799765527248383,-0.0027592256665229797,0.002759225433692336,-0.0010180303361266851,0.0010180303361266851,-0.002116162097081542,0.002116162097081542,-0.0007837223238311708,0.0007837223238311708,-0.0008434677729383111,0.0008434679475612938,-0.0012276122579351068,0.0012276122579351068,-0.001561874756589532,0.0015618748730048537,-0.0036262101493775845,0.0036262101493775845,-0.002666903892531991,0.0026669036597013474,-0.0032621645368635654,0.0032621645368635654],[0.013955392874777317,-0.013955395668745041,0.008344740606844425,-0.008344740606844425,0.04766999930143356,-0.04667000100016594,-0.002043967368081212,0.0020439678337424994,0.012430813163518906,-0.012430813163518906,-0.001185139175504446,0.0011851390590891242,0.00019340694416314363,-0.0001934063620865345,0.005375352688133717,-0.005375353153795004,-0.01199601124972105,0.011996010318398476,-0.0031598794739693403,0.003159879706799984,-0.0033086161129176617,0.0033086161129176617,0.006405480671674013,-0.006405480671674013,0.005375056527554989,-0.0053750560618937016,0.003836594521999359,-0.003836594521999359,-0.0005562284495681524,0.0005562278674915433,-0.000758869107812643,0.0007588693406432867,-0.0007150807650759816,0.0007150809979066253,-0.001935525331646204,0.0019355255644768476,-0.0002794413303490728,0.00027944135945290327,-0.00028165397816337645,0.00028165403637103736,-0.00046858948189765215,0.00046858948189765215,0.0005727487150579691,-0.0005727487150579691,0.0008597914129495621,-0.0008597914129495621,-0.0006087310612201691,0.0006087314104661345,-0.0013507644180208445,0.0013507645344361663,0.0004772865795530379,-0.0004772866377606988,0.00024967436911538243,-0.00024967422359623015,0.0013114482862874866,-0.0013114482862874866],[-0.013955392874777317,0.013955395668745041,-0.008344740606844425,0.008344740606844425,-0.04667000100016594,0.04766999930143356,0.002043967368081212,-0.0020439678337424994,-0.012430813163518906,0.012430813163518906,0.001185139175504446,-0.0011851390590891242,-0.00019340694416314363,0.0001934063620865345,-0.005375352688133717,0.005375353153795004,0.01199601124972105,-0.011996010318398476,0.0031598794739693403,-0.003159879706799984,0.0033086161129176617,-0.0033086161129176617,-0.006405480671674013,0.006405480671674013,-0.005375056527554989,0.0053750560618937016,-0.003836594521999359,0.003836594521999359,0.0005562284495681524,-0.0005562278674915433,0.000758869107812643,-0.0007588693406432867,0.0007150807650759816,-0.0007150809979066253,0.001935525331646204,-0.0019355255644768476,0.0002794413303490728,-0.00027944135945290327,0.00028165397816337645,-0.00028165403637103736,0.00046858948189765215,-0.00046858948189765215,-0.0005727487150579691,0.0005727487150579691,-0.0008597914129495621,0.0008597914129495621,0.0006087310612201691,-0.0006087314104661345,0.0013507644180208445,-0.0013507645344361663,-0.0004772865795530379,0.0004772866377606988,-0.00024967436911538243,0.00024967422359623015,-0.0013114482862874866,0.0013114482862874866],[0.009405282326042652,-0.009405285120010376,0.013884993270039558,-0.013884993270039558,-0.002043967368081212,0.002043967368081212,0.021225161850452423,-0.020225156098604202,0.0027493047527968884,-0.0027493047527968884,-0.0007669269689358771,0.0007669267943128943,0.005456401966512203,-0.005456401966512203,0.003935728222131729,-0.003935728222131729,-0.004392998293042183,0.00439299875870347,0.006015289109200239,-0.006015289109200239,-0.0010182166006416082,0.0010182164842262864,-0.0010700564598664641,0.0010700564598664641,-0.004615414422005415,0.004615414422005415,0.0014367657713592052,-0.0014367654221132398,0.002657740144059062,-0.002657740144059062,0.0008477522060275078,-0.0008477522642351687,0.00160336890257895,-0.00160336890257895,0.001321396674029529,-0.001321396674029529,-0.0006779725663363934,0.0006779725081287324,0.0012828672770410776,-0.0012828673934563994,8.95711564226076e-05,-8.957117097452283e-05,-0.0004571325844153762,0.0004571325844153762,-0.0003666881239041686,0.0003666880074888468,0.0011926762526854873,-0.0011926761362701654,0.0009667986305430532,-0.0009667986887507141,0.0010659834370017052,-0.0010659834370017052,0.0006347646121867001,-0.0006347645539790392,-0.00026868004351854324,0.00026868004351854324],[-0.009405282326042652,0.009405284188687801,-0.01388499140739441,0.01388499140739441,0.0020439678337424994,-0.0020439678337424994,-0.020225156098604202,0.021225161850452423,-0.0027493038214743137,0.0027493040543049574,0.0007669262704439461,-0.0007669264450669289,-0.005456400103867054,0.005456400569528341,-0.003935727756470442,0.003935728222131729,0.004393001552671194,-0.004393001552671194,-0.0060152881778776646,0.006015288643538952,0.0010182184632867575,-0.001018218114040792,0.001070056576281786,-0.001070056576281786,0.004615414887666702,-0.00461541535332799,-0.0014367633266374469,0.0014367635594680905,-0.0026577399112284184,0.0026577399112284184,-0.0008477524970658123,0.0008477524970658123,-0.0016033685533329844,0.0016033685533329844,-0.0013213965576142073,0.0013213964411988854,0.0006779734394513071,-0.0006779733230359852,-0.0012828672770410776,0.0012828672770410776,-8.957141835708171e-05,8.957140380516648e-05,0.0004571321187540889,-0.0004571321187540889,0.0003666883276309818,-0.0003666881821118295,-0.0011926766019314528,0.0011926767183467746,-0.0009667985141277313,0.0009667985141277313,-0.0010659840190783143,0.0010659840190783143,-0.0006347644957713783,0.0006347644375637174,0.0002686802763491869,-0.0002686802763491869],[0.003326802747324109,-0.0033268036786466837,0.0073669166304171085,-0.007366914767771959,0.012430813163518906,-0.012430813163518906,0.0027493047527968884,-0.0027493038214743137,0.02059689164161682,-0.019596893340349197,0.0009458218119107187,-0.0009458218119107187,0.004297643434256315,-0.004297642968595028,0.006827452220022678,-0.006827452220022678,-0.0005587444175034761,0.0005587446503341198,-0.0007235279772430658,0.0007235278026200831,-0.0014287129743024707,0.0014287132071331143,0.0028980420902371407,-0.0028980423230677843,-0.004900821018964052,0.0049008214846253395,0.005217847879976034,-0.005217847879976034,0.00045138577115722,-0.0004513858584687114,-0.00030061742290854454,0.0003006173064932227,0.0007570901652798057,-0.0007570901652798057,-0.0014468756271526217,0.0014468752779066563,0.00044641568092629313,-0.0004464156227186322,0.0004880136111751199,-0.00048801355296745896,-0.0007710634963586926,0.0007710633799433708,-0.0006463618483394384,0.0006463619065470994,0.0010116731282323599,-0.0010116732446476817,0.0007035732269287109,-0.0007035729940980673,-0.0007509608985856175,0.0007509607239626348,0.0013054502196609974,-0.0013054502196609974,0.0007024984806776047,-0.0007024984224699438,0.001486811670474708,-0.001486811670474708],[-0.0033268018160015345,0.003326802048832178,-0.007366914767771959,0.007366913836449385,-0.012430813163518906,0.012430813163518906,-0.0027493047527968884,0.0027493040543049574,-0.019596893340349197,0.02059689164161682,-0.0009458214626647532,0.0009458214626647532,-0.004297642968595028,0.004297642968595028,-0.006827452220022678,0.006827452220022678,0.0005587434861809015,-0.0005587434861809015,0.0007235279190354049,-0.000723527860827744,0.0014287133235484362,-0.0014287130907177925,-0.0028980430215597153,0.002898042555898428,0.004900822881609201,-0.004900822881609201,-0.005217847414314747,0.0052178483456373215,-0.00045138539280742407,0.0004513856256380677,0.0003006168990395963,-0.0003006172482855618,-0.0007570895249955356,0.0007570897578261793,0.0014468759763985872,-0.0014468759763985872,-0.0004464151570573449,0.0004464150406420231,-0.0004880137857981026,0.0004880138149019331,0.0007710633799433708,-0.0007710633799433708,0.0006463618483394384,-0.0006463619065470994,-0.0010116738267242908,0.0010116739431396127,-0.0007035731105133891,0.0007035730523057282,0.0007509608985856175,-0.0007509608985856175,-0.0013054496375843883,0.0013054496375843883,-0.000702498247846961,0.000702498247846961,-0.0014868114376440644,0.0014868114376440644],[1.4271936379373074e-05,-1.4271587133407593e-05,0.0023074671626091003,-0.002307468093931675,-0.001185139175504446,0.001185139175504446,-0.0007669269689358771,0.0007669262704439461,0.0009458218119107187,-0.0009458214626647532,0.009775982238352299,-0.008775980211794376,0.0004166270373389125,-0.0004166269791312516,0.00038592657074332237,-0.0003859266289509833,0.002067498629912734,-0.002067498629912734,-0.0003228596178814769,0.0003228593850508332,0.0025626264978200197,-0.002562626963481307,0.0010122318053618073,-0.0010122318053618073,0.00015922338934615254,-0.000159223418449983,0.0025627142749726772,-0.00256271380931139,0.0001601736294105649,-0.00016017361485864967,0.00090395612642169,-0.0009039562428370118,0.00038298036088235676,-0.00038298036088235676,0.0008374051540158689,-0.0008374051540158689,0.0005019164527766407,-0.0005019164527766407,0.00012411511852405965,-0.00012411506031639874,0.0008856939966790378,-0.0008856940548866987,-3.874280082527548e-06,3.8742582546547055e-06,-0.00033578992588445544,0.00033578986767679453,0.00028523989021778107,-0.00028523989021778107,0.0006234993925318122,-0.000623499508947134,0.0004495020257309079,-0.0004495020257309079,0.00025688979076221585,-0.0002568897034507245,0.0009048655047081411,-0.0009048655047081411],[-1.4272867701947689e-05,1.4271587133407593e-05,-0.0023074676282703876,0.0023074685595929623,0.0011851390590891242,-0.0011851390590891242,0.0007669267943128943,-0.0007669264450669289,-0.0009458218119107187,0.0009458214626647532,-0.008775980211794376,0.009775979444384575,-0.0004166270373389125,0.0004166269791312516,-0.00038592657074332237,0.0003859266289509833,-0.002067498629912734,0.002067498629912734,0.0003228596178814769,-0.0003228593850508332,-0.0025626264978200197,0.002562626963481307,-0.0010122318053618073,0.0010122318053618073,-0.00015922338934615254,0.000159223418449983,-0.0025627142749726772,0.00256271380931139,-0.0001601736294105649,0.00016017361485864967,-0.00090395612642169,0.0009039562428370118,-0.00038298036088235676,0.00038298036088235676,-0.0008374051540158689,0.0008374051540158689,-0.0005019164527766407,0.0005019164527766407,-0.00012411511852405965,0.00012411506031639874,-0.0008856939966790378,0.0008856940548866987,3.874280082527548e-06,-3.8742582546547055e-06,0.00033578992588445544,-0.00033578986767679453,-0.00028523989021778107,0.00028523989021778107,-0.0006234993925318122,0.000623499508947134,-0.0004495020257309079,0.0004495020257309079,-0.00025688979076221585,0.0002568897034507245,-0.0009048655047081411,0.0009048655047081411],[0.005200681276619434,-0.005200678948312998,0.012239456176757812,-0.012239458039402962,0.00019340694416314363,-0.00019340694416314363,0.005456401966512203,-0.005456400103867054,0.004297643434256315,-0.004297642968595028,0.0004166270373389125,-0.0004166270373389125,0.01759079284965992,-0.016590792685747147,0.0016354273539036512,-0.0016354273539036512,0.006123176775872707,-0.006123176775872707,0.002190119819715619,-0.002190119819715619,0.0005946955643594265,-0.000594695913605392,0.0026302384212613106,-0.002630238188430667,0.0008040281245484948,-0.0008040281245484948,0.002251734957098961,-0.002251734957098961,0.00019947148393839598,-0.00019947142573073506,0.000949700886849314,-0.0009497010032646358,-0.0002591435331851244,0.0002591435331851244,0.0003414975944906473,-0.0003414975944906473,0.0010346994968131185,-0.0010346993803977966,-0.0003316621296107769,0.0003316621878184378,0.00040406271000392735,-0.0004040626809000969,0.0009671167936176062,-0.0009671166189946234,0.0007902730139903724,-0.0007902730721980333,3.078152076341212e-05,-3.078143345192075e-05,0.0003406094037927687,-0.0003406094037927687,0.0013960375217720866,-0.0013960375217720866,0.0004277826810721308,-0.00042778259376063943,0.00013669562758877873,-0.00013669562758877873],[-0.005200680810958147,0.005200679413974285,-0.012239456176757812,0.012239458039402962,-0.0001934063620865345,0.0001934063620865345,-0.005456401966512203,0.005456400569528341,-0.004297642968595028,0.004297642968595028,-0.0004166269791312516,0.0004166269791312516,-0.016590792685747147,0.01759079471230507,-0.0016354278195649385,0.0016354278195649385,-0.006123175844550133,0.006123175844550133,-0.0021901195868849754,0.0021901195868849754,-0.0005946957971900702,0.0005946960300207138,-0.0026302384212613106,0.0026302384212613106,-0.0008040274260565639,0.000804027309641242,-0.0022517358884215355,0.0022517358884215355,-0.00019947171676903963,0.00019947165856137872,-0.0009497008286416531,0.0009497009450569749,0.00025914330035448074,-0.00025914341676980257,-0.0003414979437366128,0.00034149782732129097,-0.0010346990311518312,0.0010346990311518312,0.00033166195498779416,-0.000331662071403116,-0.0004040626809000969,0.000404062622692436,-0.0009671168518252671,0.0009671168518252671,-0.0007902731886133552,0.000790273305028677,-3.078169538639486e-05,3.078160807490349e-05,-0.00034060946200042963,0.0003406094037927687,-0.001396037288941443,0.001396037288941443,-0.00042778250644914806,0.00042778244824148715,-0.00013669542386196554,0.00013669542386196554],[-0.0038669458590447903,0.0038669444620609283,0.0015286034904420376,-0.0015286037232726812,0.005375352688133717,-0.005375352688133717,0.003935728222131729,-0.003935727756470442,0.006827452220022678,-0.006827452220022678,0.00038592657074332237,-0.00038592657074332237,0.0016354273539036512,-0.0016354278195649385,0.01692104898393154,-0.01592104695737362,0.003844113554805517,-0.00384411308914423,0.0009511454845778644,-0.0009511457174085081,-0.0018114025006070733,0.0018114026170223951,0.004365149885416031,-0.004365149885416031,-0.0014421611558645964,0.0014421612722799182,-0.0001365765929222107,0.0001365765929222107,0.0004942152299918234,-0.0004942151717841625,9.559682803228498e-05,-9.559682803228498e-05,0.00035418395418673754,-0.0003541839250829071,3.3545915357535705e-05,-3.354603177285753e-05,-0.0005078133544884622,0.0005078133544884622,0.0005033538909628987,-0.0005033538909628987,-0.00029066833667457104,0.00029066833667457104,-0.00045097959809936583,0.0004509795689955354,-0.00022817691206000745,0.00022817699937149882,0.00024237329489551485,-0.00024237320758402348,2.0486981156864204e-05,-2.0486941139097326e-05,-0.00010741688311100006,0.00010741688311100006,0.0006288295262493193,-0.0006288294680416584,0.0004004157963208854,-0.0004004157381132245],[0.0038669463247060776,-0.003866945393383503,-0.001528603257611394,0.0015286033740267158,-0.005375353153795004,0.005375353153795004,-0.003935728222131729,0.003935728222131729,-0.006827452220022678,0.006827452220022678,-0.0003859266289509833,0.0003859266289509833,-0.0016354273539036512,0.0016354278195649385,-0.01592104695737362,0.016921045258641243,-0.0038441140204668045,0.0038441140204668045,-0.0009511454845778644,0.0009511451353318989,0.0018114025006070733,-0.0018114026170223951,-0.004365149885416031,0.004365150351077318,0.0014421611558645964,-0.0014421611558645964,0.00013657641829922795,-0.00013657630188390613,-0.0004942154046148062,0.0004942154628224671,-9.559659520164132e-05,9.559659520164132e-05,-0.0003541840414982289,0.000354183983290568,-3.354615546413697e-05,3.354615546413697e-05,0.0005078137037344277,-0.0005078136455267668,-0.0005033538327552378,0.0005033537745475769,0.00029066833667457104,-0.00029066833667457104,0.0004509793652687222,-0.00045097930706106126,0.00022817632998339832,-0.00022817644639872015,-0.00024237335310317576,0.00024237329489551485,-2.0487095753196627e-05,2.0487063011387363e-05,0.00010741679579950869,-0.00010741682490333915,-0.0006288297008723021,0.0006288297008723021,-0.00040041585452854633,0.00040041585452854633],[0.0021970234811306,-0.0021970225498080254,0.007689946796745062,-0.007689949590712786,-0.01199601124972105,0.01199601124972105,-0.004392998293042183,0.004393001552671194,-0.0005587444175034761,0.0005587434861809015,0.002067498629912734,-0.002067498629912734,0.006123176775872707,-0.006123175844550133,0.003844113554805517,-0.0038441140204668045,0.020520053803920746,-0.019520055502653122,0.001313400105573237,-0.0013133999891579151,0.0013207712909206748,-0.0013207716401666403,0.0018072854727506638,-0.0018072857055813074,0.003644087817519903,-0.003644087817519903,0.0029403441585600376,-0.0029403441585600376,0.0006729976739734411,-0.000672997732181102,0.00013339042197912931,-0.0001333903055638075,0.0005603753379546106,-0.0005603753379546106,-0.0001642612915020436,0.0001642612915020436,5.289440741762519e-05,-5.2894349209964275e-05,0.00048821873497217894,-0.00048821879317983985,0.0016176028875634074,-0.0016176030039787292,-0.0005003002588637173,0.0005003002006560564,0.00016672792844474316,-0.0001667278993409127,-0.0002214442502008751,0.00022144426475279033,-1.5195546438917518e-05,1.5195691958069801e-05,-0.00032499144435860217,0.0003249914152547717,-0.0006161780911497772,0.0006161781493574381,-0.00034064968349412084,0.00034064968349412084],[-0.0021970234811306,0.0021970230154693127,-0.007689947262406349,0.007689949125051498,0.011996010318398476,-0.011996010318398476,0.00439299875870347,-0.004393001552671194,0.0005587446503341198,-0.0005587434861809015,-0.002067498629912734,0.002067498629912734,-0.006123176775872707,0.006123175844550133,-0.00384411308914423,0.0038441140204668045,-0.019520055502653122,0.020520053803920746,-0.001313400105573237,0.0013133999891579151,-0.0013207712909206748,0.0013207716401666403,-0.0018072854727506638,0.0018072857055813074,-0.003644087817519903,0.003644087817519903,-0.0029403441585600376,0.0029403441585600376,-0.0006729976739734411,0.000672997732181102,-0.00013339042197912931,0.0001333903055638075,-0.0005603753379546106,0.0005603753379546106,0.0001642612915020436,-0.0001642612915020436,-5.289440741762519e-05,5.2894349209964275e-05,-0.00048821873497217894,0.00048821879317983985,-0.0016176028875634074,0.0016176030039787292,0.0005003002588637173,-0.0005003002006560564,-0.00016672792844474316,0.0001667278993409127,0.0002214442502008751,-0.00022144426475279033,1.5195546438917518e-05,-1.5195691958069801e-05,0.00032499144435860217,-0.0003249914152547717,0.0006161780911497772,-0.0006161781493574381,0.00034064968349412084,-0.00034064968349412084],[0.003037251066416502,-0.003037252463400364,0.0038850365672260523,-0.003885035403072834,-0.0031598794739693403,0.0031598794739693403,0.006015289109200239,-0.0060152881778776646,-0.0007235279772430658,0.0007235279190354049,-0.0003228596178814769,0.0003228596178814769,0.002190119819715619,-0.0021901195868849754,0.0009511454845778644,-0.0009511454845778644,0.001313400105573237,-0.001313400105573237,0.011758404783904552,-0.01075840461999178,-0.00038756683352403343,0.0003875668626278639,0.0019659886602312326,-0.0019659888930618763,-0.0019054063595831394,0.001905406592413783,3.532995469868183e-05,-3.532995469868183e-05,0.0008683045161888003,-0.0008683043997734785,0.002904051449149847,-0.0029040519148111343,0.000516933505423367,-0.000516933505423367,0.0012921360321342945,-0.0012921360321342945,-0.00020534804207272828,0.00020534808572847396,0.0006187908584252,-0.0006187908002175391,0.0005807788111269474,-0.0005807788111269474,-0.0003865315520670265,0.0003865314938593656,1.2288917787373066e-05,-1.2288801372051239e-05,0.00051700952462852,-0.0005170095828361809,0.0007844206411391497,-0.0007844206411391497,0.0008638181025162339,-0.000863818044308573,-0.00032915404881350696,0.00032915404881350696,0.0004692540387623012,-0.00046925400965847075],[-0.003037251066416502,0.0030372522305697203,-0.003885036101564765,0.003885035403072834,0.003159879706799984,-0.003159879706799984,-0.006015289109200239,0.006015288643538952,0.0007235278026200831,-0.000723527860827744,0.0003228593850508332,-0.0003228593850508332,-0.002190119819715619,0.0021901195868849754,-0.0009511457174085081,0.0009511451353318989,-0.0013133999891579151,0.0013133999891579151,-0.01075840461999178,0.011758402921259403,0.00038756683352403343,-0.0003875668626278639,-0.0019659886602312326,0.0019659888930618763,0.0019054063595831394,-0.001905406592413783,-3.532995469868183e-05,3.532995469868183e-05,-0.0008683045161888003,0.0008683043997734785,-0.002904051449149847,0.0029040519148111343,-0.000516933505423367,0.000516933505423367,-0.0012921360321342945,0.0012921360321342945,0.00020534804207272828,-0.00020534808572847396,-0.0006187908584252,0.0006187908002175391,-0.0005807788111269474,0.0005807788111269474,0.0003865315520670265,-0.0003865314938593656,-1.2288917787373066e-05,1.2288801372051239e-05,-0.00051700952462852,0.0005170095828361809,-0.0007844206411391497,0.0007844206411391497,-0.0008638181025162339,0.000863818044308573,0.00032915404881350696,-0.00032915404881350696,-0.0004692540387623012,0.00046925400965847075],[0.0004138026270084083,-0.00041380274342373013,0.0006891046650707722,-0.0006891057128086686,-0.0033086161129176617,0.0033086161129176617,-0.0010182166006416082,0.0010182184632867575,-0.0014287129743024707,0.0014287133235484362,0.0025626264978200197,-0.0025626264978200197,0.0005946955643594265,-0.0005946957971900702,-0.0018114025006070733,0.0018114025006070733,0.0013207712909206748,-0.0013207712909206748,-0.00038756683352403343,0.00038756683352403343,0.00484316423535347,-0.003843163838610053,3.379856934770942e-05,-3.379856934770942e-05,-0.001205166568979621,0.001205166568979621,0.0002490874903742224,-0.00024908757768571377,0.0008879007655195892,-0.0008879007655195892,-0.00014799542259424925,0.00014799542259424925,0.0007782879984006286,-0.0007782879984006286,0.0005588307976722717,-0.0005588307976722717,0.0003667428100015968,-0.00036674278089776635,0.000523912429343909,-0.000523912429343909,0.0005274104769341648,-0.0005274105351418257,8.346299000550061e-05,-8.346297545358539e-05,-0.0005694450810551643,0.0005694450810551643,0.00039363751420751214,-0.00039363751420751214,0.00022687901218887419,-0.00022687899763695896,5.455770588014275e-05,-5.455770588014275e-05,-0.00015825357695575804,0.0001582535624038428,0.00016282766591757536,-0.00016282766591757536],[-0.0004138034419156611,0.0004138030926696956,-0.0006891060038469732,0.0006891064695082605,0.0033086161129176617,-0.0033086161129176617,0.0010182164842262864,-0.001018218114040792,0.0014287132071331143,-0.0014287130907177925,-0.002562626963481307,0.002562626963481307,-0.000594695913605392,0.0005946960300207138,0.0018114026170223951,-0.0018114026170223951,-0.0013207716401666403,0.0013207716401666403,0.0003875668626278639,-0.0003875668626278639,-0.003843163838610053,0.0048431637696921825,-3.3798860386013985e-05,3.3798860386013985e-05,0.0012051662197336555,-0.001205166452564299,-0.00024908757768571377,0.0002490876358933747,-0.0008879009983502328,0.0008879009983502328,0.00014799513155594468,-0.00014799507334828377,-0.0007782881148159504,0.0007782881148159504,-0.0005588308558799326,0.0005588308558799326,-0.000366742693586275,0.000366742693586275,-0.0005239126039668918,0.0005239126039668918,-0.0005274105351418257,0.0005274105351418257,-8.346305548911914e-05,8.346304821316153e-05,0.0005694448482245207,-0.0005694449064321816,-0.0003936376015190035,0.00039363763062283397,-0.000226879128604196,0.00022687911405228078,-5.455770588014275e-05,5.455769132822752e-05,0.00015825369337107986,-0.0001582536642672494,-0.00016282769502140582,0.00016282772412523627],[0.002193610416725278,-0.002193611115217209,-0.00039038551039993763,0.0003903871402144432,0.006405480671674013,-0.006405480671674013,-0.0010700564598664641,0.001070056576281786,0.0028980420902371407,-0.0028980430215597153,0.0010122318053618073,-0.0010122318053618073,0.0026302384212613106,-0.0026302384212613106,0.004365149885416031,-0.004365149885416031,0.0018072854727506638,-0.0018072854727506638,0.0019659886602312326,-0.0019659886602312326,3.379856934770942e-05,-3.3798860386013985e-05,0.010288301855325699,-0.0092883026227355,0.0004703354788944125,-0.0004703354788944125,-0.00031942519126459956,0.00031942519126459956,5.056790541857481e-05,-5.0567963626235723e-05,0.0029879878275096416,-0.0029879878275096416,-0.00016875224537216127,0.0001687522162683308,0.00038042207597754896,-0.0003804220468737185,5.089983460493386e-05,-5.0899849156849086e-05,0.0001569809392094612,-0.00015698092465754598,0.0005880736280232668,-0.0005880736280232668,-5.0029248086502776e-05,5.002928082831204e-05,0.00013131453306414187,-0.00013131453306414187,-0.00023663428146392107,0.0002366342960158363,5.4080264817457646e-05,-5.408027209341526e-05,-0.0005057359230704606,0.0005057358648627996,-0.00014990716590546072,0.00014990716590546072,0.00018716535123530775,-0.00018716543854679912],[-0.002193610416725278,0.002193611580878496,0.0003903857432305813,-0.0003903871402144432,-0.006405480671674013,0.006405480671674013,0.0010700564598664641,-0.001070056576281786,-0.0028980423230677843,0.002898042555898428,-0.0010122318053618073,0.0010122318053618073,-0.002630238188430667,0.0026302384212613106,-0.004365149885416031,0.004365150351077318,-0.0018072857055813074,0.0018072857055813074,-0.0019659888930618763,0.0019659888930618763,-3.379856934770942e-05,3.3798860386013985e-05,-0.0092883026227355,0.010288301855325699,-0.0004703354788944125,0.0004703354788944125,0.00031942519126459956,-0.00031942519126459956,-5.056790541857481e-05,5.0567963626235723e-05,-0.0029879878275096416,0.0029879878275096416,0.00016875224537216127,-0.0001687522162683308,-0.00038042207597754896,0.0003804220468737185,-5.089983460493386e-05,5.0899849156849086e-05,-0.0001569809392094612,0.00015698092465754598,-0.0005880736280232668,0.0005880736280232668,5.0029248086502776e-05,-5.002928082831204e-05,-0.00013131453306414187,0.00013131453306414187,0.00023663428146392107,-0.0002366342960158363,-5.4080264817457646e-05,5.408027209341526e-05,0.0005057359230704606,-0.0005057358648627996,0.00014990716590546072,-0.00014990716590546072,-0.00018716535123530775,0.00018716543854679912],[0.0021839116234332323,-0.0021839127875864506,0.0033281585201621056,-0.0033281592186540365,0.005375056527554989,-0.005375056527554989,-0.004615414422005415,0.004615414887666702,-0.004900821018964052,0.004900822881609201,0.00015922338934615254,-0.00015922338934615254,0.0008040281245484948,-0.0008040274260565639,-0.0014421611558645964,0.0014421611558645964,0.003644087817519903,-0.003644087817519903,-0.0019054063595831394,0.0019054063595831394,-0.001205166568979621,0.0012051662197336555,0.0004703354788944125,-0.0004703354788944125,0.014177879318594933,-0.01317787915468216,0.0005581377190537751,-0.0005581378936767578,0.0004510717699304223,-0.0004510718572419137,0.0008553409716114402,-0.0008553408551961184,0.0003615956229623407,-0.0003615955065470189,-7.147309952415526e-05,7.147312862798572e-05,0.0010552783496677876,-0.0010552783496677876,-5.450651951832697e-05,5.450657772598788e-05,0.00044587350566871464,-0.0004458735347725451,0.0003877697163261473,-0.0003877696581184864,0.001225582673214376,-0.0012255829060450196,0.00011232930410187691,-0.00011232920223847032,7.999870285857469e-05,-7.999868830665946e-05,-0.0001668947224970907,0.00016689469339326024,-0.00042192154796794057,0.000421921577071771,-9.688024874776602e-05,9.688024874776602e-05],[-0.002183911856263876,0.0021839127875864506,-0.0033281585201621056,0.003328158752992749,-0.0053750560618937016,0.0053750560618937016,0.004615414422005415,-0.00461541535332799,0.0049008214846253395,-0.004900822881609201,-0.000159223418449983,0.000159223418449983,-0.0008040281245484948,0.000804027309641242,0.0014421612722799182,-0.0014421611558645964,-0.003644087817519903,0.003644087817519903,0.001905406592413783,-0.001905406592413783,0.001205166568979621,-0.001205166452564299,-0.0004703354788944125,0.0004703354788944125,-0.01317787915468216,0.014177879318594933,-0.0005581377190537751,0.0005581378936767578,-0.0004510717699304223,0.0004510718572419137,-0.0008553409716114402,0.0008553408551961184,-0.0003615956229623407,0.0003615955065470189,7.147309952415526e-05,-7.147312862798572e-05,-0.0010552783496677876,0.0010552783496677876,5.450651951832697e-05,-5.450657772598788e-05,-0.00044587350566871464,0.0004458735347725451,-0.0003877697163261473,0.0003877696581184864,-0.001225582673214376,0.0012255829060450196,-0.00011232930410187691,0.00011232920223847032,-7.999870285857469e-05,7.999868830665946e-05,0.0001668947224970907,-0.00016689469339326024,0.00042192154796794057,-0.000421921577071771,9.688024874776602e-05,-9.688024874776602e-05],[-0.0023036105558276176,0.0023036121856421232,0.008306699804961681,-0.008306700736284256,0.003836594521999359,-0.003836594521999359,0.0014367657713592052,-0.0014367633266374469,0.005217847879976034,-0.005217847414314747,0.0025627142749726772,-0.0025627142749726772,0.002251734957098961,-0.0022517358884215355,-0.0001365765929222107,0.00013657641829922795,0.0029403441585600376,-0.0029403441585600376,3.532995469868183e-05,-3.532995469868183e-05,0.0002490874903742224,-0.00024908757768571377,-0.00031942519126459956,0.00031942519126459956,0.0005581377190537751,-0.0005581377190537751,0.015291199088096619,-0.014291197061538696,-0.0005060482653789222,0.0005060482653789222,1.853343565016985e-05,-1.8533552065491676e-05,-0.0003132532292511314,0.0003132532292511314,0.00016468667308799922,-0.00016468678950332105,0.0008219190640375018,-0.00082191894762218,-0.00024831516202539206,0.00024831516202539206,0.0005723476642742753,-0.0005723476642742753,0.0004667913308367133,-0.00046679138904437423,0.00013895597658120096,-0.00013895597658120096,-0.00017769221449270844,0.00017769221449270844,0.00022689125034958124,-0.000226891235797666,0.0003336271911393851,-0.0003336271911393851,0.00039678328903391957,-0.00039678331813775003,0.0004167009028606117,-0.0004167009028606117],[0.0023036105558276176,-0.0023036119528114796,-0.008306700736284256,0.008306700736284256,-0.003836594521999359,0.003836594521999359,-0.0014367654221132398,0.0014367635594680905,-0.005217847879976034,0.0052178483456373215,-0.00256271380931139,0.00256271380931139,-0.002251734957098961,0.0022517358884215355,0.0001365765929222107,-0.00013657630188390613,-0.0029403441585600376,0.0029403441585600376,-3.532995469868183e-05,3.532995469868183e-05,-0.00024908757768571377,0.0002490876358933747,0.00031942519126459956,-0.00031942519126459956,-0.0005581378936767578,0.0005581378936767578,-0.014291197061538696,0.01529119722545147,0.0005060482653789222,-0.0005060482653789222,-1.853343565016985e-05,1.8533552065491676e-05,0.0003132532292511314,-0.0003132532292511314,-0.00016468667308799922,0.00016468678950332105,-0.0008219190640375018,0.00082191894762218,0.00024831516202539206,-0.00024831516202539206,-0.0005723476642742753,0.0005723476642742753,-0.0004667913308367133,0.00046679138904437423,-0.00013895597658120096,0.00013895597658120096,0.00017769221449270844,-0.00017769221449270844,-0.00022689125034958124,0.000226891235797666,-0.0003336271911393851,0.0003336271911393851,-0.00039678328903391957,0.00039678331813775003,-0.0004167009028606117,0.0004167009028606117],[0.00046817492693662643,-0.00046817422844469547,0.003230532631278038,-0.0032305335626006126,-0.0005562284495681524,0.0005562284495681524,0.002657740144059062,-0.0026577399112284184,0.00045138577115722,-0.00045138539280742407,0.0001601736294105649,-0.0001601736294105649,0.00019947148393839598,-0.00019947171676903963,0.0004942152299918234,-0.0004942154046148062,0.0006729976739734411,-0.0006729976739734411,0.0008683045161888003,-0.0008683045161888003,0.0008879007655195892,-0.0008879009983502328,5.056790541857481e-05,-5.056790541857481e-05,0.0004510717699304223,-0.0004510717699304223,-0.0005060482653789222,0.0005060482653789222,0.004917403683066368,-0.003917403519153595,0.002595527097582817,-0.0025955273304134607,0.002486082725226879,-0.002486082725226879,0.00180346448905766,-0.00180346448905766,0.00025931818527169526,-0.00025931806885637343,0.0018162447959184647,-0.0018162447959184647,0.0008543560397811234,-0.0008543559815734625,7.949740393087268e-05,-7.949731661938131e-05,-3.2189913326874375e-05,3.2189913326874375e-05,0.0015890700742602348,-0.0015890700742602348,0.0010651976335793734,-0.0010651977499946952,0.00015254621393978596,-0.0001525461848359555,0.0009247052948921919,-0.0009247052948921919,0.0011151764774695039,-0.0011151764774695039],[-0.0004681748687289655,0.00046817422844469547,-0.0032305328641086817,0.0032305335626006126,0.0005562278674915433,-0.0005562278674915433,-0.002657740144059062,0.0026577399112284184,-0.0004513858584687114,0.0004513856256380677,-0.00016017361485864967,0.00016017361485864967,-0.00019947142573073506,0.00019947165856137872,-0.0004942151717841625,0.0004942154628224671,-0.000672997732181102,0.000672997732181102,-0.0008683043997734785,0.0008683043997734785,-0.0008879007655195892,0.0008879009983502328,-5.0567963626235723e-05,5.0567963626235723e-05,-0.0004510718572419137,0.0004510718572419137,0.0005060482653789222,-0.0005060482653789222,-0.003917403519153595,0.004917403683066368,-0.0025955268647521734,0.002595527097582817,-0.0024860829580575228,0.0024860829580575228,-0.0018034647218883038,0.0018034647218883038,-0.00025931818527169526,0.00025931818527169526,-0.0018162450287491083,0.0018162450287491083,-0.0008543559815734625,0.0008543559815734625,-7.949717110022902e-05,7.949708378873765e-05,3.2189651392400265e-05,-3.2189651392400265e-05,-0.0015890701906755567,0.0015890701906755567,-0.0010651977499946952,0.001065197866410017,-0.00015254653408192098,0.00015254653408192098,-0.0009247057023458183,0.0009247057023458183,-0.0011151765938848257,0.0011151765938848257],[0.004873878788203001,-0.004873878322541714,0.0032857833430171013,-0.0032857833430171013,-0.000758869107812643,0.000758869107812643,0.0008477522060275078,-0.0008477524970658123,-0.00030061742290854454,0.0003006168990395963,0.00090395612642169,-0.00090395612642169,0.000949700886849314,-0.0009497008286416531,9.559682803228498e-05,-9.559659520164132e-05,0.00013339042197912931,-0.00013339042197912931,0.002904051449149847,-0.002904051449149847,-0.00014799542259424925,0.00014799513155594468,0.0029879878275096416,-0.0029879878275096416,0.0008553409716114402,-0.0008553409716114402,1.853343565016985e-05,-1.853343565016985e-05,0.002595527097582817,-0.0025955268647521734,0.00878874957561493,-0.007788749877363443,0.0015779556706547737,-0.0015779556706547737,0.0019437090959399939,-0.0019437093287706375,0.0003358044777996838,-0.000335804361384362,0.0012768886517733335,-0.0012768887681886554,0.0021193018183112144,-0.0021193018183112144,-0.0007266282336786389,0.0007266283500939608,0.00021180318435654044,-0.00021180335897952318,0.0009372577187605202,-0.0009372577769681811,0.0010780886514112353,-0.0010780891170725226,-0.0016842624172568321,0.0016842624172568321,0.0009414555970579386,-0.0009414555970579386,5.1484385039657354e-06,-5.1484385039657354e-06],[-0.004873878788203001,0.004873878322541714,-0.0032857833430171013,0.003285783575847745,0.0007588693406432867,-0.0007588693406432867,-0.0008477522642351687,0.0008477524970658123,0.0003006173064932227,-0.0003006172482855618,-0.0009039562428370118,0.0009039562428370118,-0.0009497010032646358,0.0009497009450569749,-9.559682803228498e-05,9.559659520164132e-05,-0.0001333903055638075,0.0001333903055638075,-0.0029040519148111343,0.0029040519148111343,0.00014799542259424925,-0.00014799507334828377,-0.0029879878275096416,0.0029879878275096416,-0.0008553408551961184,0.0008553408551961184,-1.8533552065491676e-05,1.8533552065491676e-05,-0.0025955273304134607,0.002595527097582817,-0.007788749877363443,0.00878874957561493,-0.0015779555542394519,0.0015779555542394519,-0.0019437095616012812,0.0019437090959399939,-0.00033580517629161477,0.0003358049434609711,-0.0012768888846039772,0.0012768888846039772,-0.0021193018183112144,0.0021193018183112144,0.0007266285247169435,-0.0007266284665092826,-0.00021180330077186227,0.000211803475394845,-0.0009372577769681811,0.0009372577769681811,-0.0010780886514112353,0.001078088884241879,0.0016842627665027976,-0.001