{"epoch":0,"H":[[0.046476785093545914,-0.04547678306698799,-0.008773209527134895,0.00877320859581232,0.012821202166378498,-0.012821201235055923,-0.01072561927139759,0.01072561927139759,-0.004236718639731407,0.004236718639731407,0.00034673220943659544,-0.0003467355854809284,-0.002913000527769327,0.002913000527769327,-0.005355920642614365,0.005355920176953077,0.01654612086713314,-0.01654612086713314,0.005339250899851322,-0.005339250899851322,-0.0006085466593503952,0.0006085465429350734,0.0020751170814037323,-0.0020751170814037323,0.0012064913753420115,-0.0012064913753420115,0.001260683173313737,-0.0012606834061443806,0.000418639974668622,-0.0004186402657069266,0.0023989886976778507,-0.0023989886976778507,0.0008421816164627671,-0.0008421813836321235,-0.00034352432703599334,0.000343524559866637,0.0014055768260732293,-0.0014055768260732293,0.0007542595849372447,-0.0007542597013525665,0.0006946391658857465,-0.0006946390494704247,0.0016485766973346472,-0.0016485766973346472,0.004560424946248531,-0.004560424946248531,0.0004071926814503968,-0.00040719262324273586,-4.670878479373641e-05,4.670889029512182e-05,-0.0007104040705598891,0.0007104041869752109,-0.0012388480827212334,0.0012388480827212334,-0.0011075809597969055,0.0011075811926275492],[-0.04547678306698799,0.046476781368255615,0.00877321232110262,-0.008773211389780045,-0.012821204960346222,0.012821204960346222,0.01072562113404274,-0.01072562113404274,0.004236720036715269,-0.004236720502376556,-0.00034673174377530813,0.000346735178027302,0.002913000527769327,-0.002913000527769327,0.00535591971129179,-0.00535591971129179,-0.01654612272977829,0.01654612272977829,-0.0053392499685287476,0.0053392499685287476,0.0006085478235036135,-0.0006085479399189353,-0.002075115917250514,0.0020751156844198704,-0.0012064918410032988,0.001206491608172655,-0.0012606823584064841,0.0012606823584064841,-0.00041864020749926567,0.0004186404403299093,-0.0023989893961697817,0.0023989896290004253,-0.0008421809179708362,0.0008421808015555143,0.000343524880008772,-0.00034352485090494156,-0.0014055768260732293,0.0014055768260732293,-0.0007542597013525665,0.0007542595849372447,-0.000694639515131712,0.000694639515131712,-0.0016485762316733599,0.0016485762316733599,-0.004560424946248531,0.004560424946248531,-0.0004071924486197531,0.00040719241951592267,4.670912312576547e-05,-4.6709170419489965e-05,0.000710403430275619,-0.0007104035466909409,0.0012388484319671988,-0.001238848315551877,0.0011075802613049746,-0.0011075804941356182],[-0.008773209527134895,0.00877321232110262,0.04990705847740173,-0.04890705645084381,-0.002889258088544011,0.0028892578557133675,0.01076898630708456,-0.01076898630708456,0.0007813659030944109,-0.0007813663687556982,-0.0009648700943216681,0.00096487085102126,0.010535183362662792,-0.010535183362662792,0.012370485812425613,-0.012370485812425613,0.004428246524184942,-0.004428246524184942,-0.0022897443268448114,0.002289744559675455,-0.00187496782746166,0.0018749670125544071,0.008629333227872849,-0.008629333227872849,-0.0027508377097547054,0.0027508377097547054,-0.003188573755323887,0.003188573755323887,-0.0017967657186090946,0.001796765485778451,-0.003960880450904369,0.003960880450904369,-0.001211673254147172,0.0012116733705624938,-0.00037735854857601225,0.00037735895602963865,0.00023949227761477232,-0.00023949227761477232,-0.0009924836922436953,0.0009924834594130516,-0.0008796601323410869,0.000879660015925765,-0.001240373938344419,0.0012403740547597408,-0.0009680690709501505,0.0009680690709501505,-0.00029589570476673543,0.00029589596670120955,-7.687340257689357e-06,7.687340257689357e-06,0.0011974144726991653,-0.0011974144726991653,-0.002872658893465996,0.002872658893465996,0.0009883258026093245,-0.0009883258026093245],[0.00877320859581232,-0.008773211389780045,-0.04890705645084381,0.04990705847740173,0.0028892597183585167,-0.0028892597183585167,-0.010768983513116837,0.010768983513116837,-0.0007813661359250546,0.0007813668344169855,0.0009648691629990935,-0.0009648694540373981,-0.010535180568695068,0.010535180568695068,-0.012370484881103039,0.012370484881103039,-0.004428246058523655,0.004428246058523655,0.002289743861183524,-0.002289744094014168,0.0018749675946310163,-0.001874966430477798,-0.008629334159195423,0.008629333227872849,0.002750835847109556,-0.0027508356142789125,0.003188573755323887,-0.003188573755323887,0.0017967656021937728,-0.0017967650201171637,0.003960880916565657,-0.003960880450904369,0.0012116727884858847,-0.0012116729049012065,0.0003773581120185554,-0.0003773584321606904,-0.0002394923649262637,0.0002394923649262637,0.0009924834594130516,-0.0009924836922436953,0.0008796601323410869,-0.0008796596666797996,0.0012403735890984535,-0.0012403738219290972,0.0009680697112344205,-0.0009680697112344205,0.0002958953846246004,-0.0002958954719360918,7.687456673011184e-06,-7.687689503654838e-06,-0.0011974148219451308,0.001197414705529809,0.002872658660635352,-0.002872658660635352,-0.0009883260354399681,0.0009883262682706118],[0.012821202166378498,-0.012821204960346222,-0.002889258088544011,0.0028892597183585167,0.03386153280735016,-0.032861534506082535,0.0011931904591619968,-0.0011931902263313532,0.004466718062758446,-0.004466718062758446,0.00050794065464288,-0.0005079425172880292,-0.005100831855088472,0.00510083232074976,0.00012136204168200493,-0.0001213619252666831,0.007031541783362627,-0.007031543180346489,-0.0019924563821405172,0.0019924561493098736,-0.0007479249034076929,0.0007479242631234229,0.0008694696007296443,-0.0008694693096913397,0.007119223475456238,-0.007119223475456238,0.0013814428821206093,-0.0013814427657052875,-0.0017938439268618822,0.001793843461200595,-0.005392245948314667,0.005392245948314667,-0.0007626686710864305,0.000762669020332396,-0.0014933522325009108,0.0014933525817468762,0.0027616454754024744,-0.0027616454754024744,-0.0006552834529429674,0.0006552834529429674,-0.0012714976910501719,0.00127149757463485,0.0017765696393325925,-0.0017765695229172707,0.0013903484214097261,-0.001390348537825048,-0.0007200440741144121,0.0007200440159067512,-0.0016010473482310772,0.001601047464646399,-0.0018600585171952844,0.001860058750025928,-0.002437983173877001,0.0024379834067076445,-0.001859199022874236,0.0018591994885355234],[-0.012821201235055923,0.012821204960346222,0.0028892578557133675,-0.0028892597183585167,-0.032861534506082535,0.03386152908205986,-0.0011931912740692496,0.001193191739730537,-0.004466719925403595,0.004466719925403595,-0.00050794065464288,0.0005079425172880292,0.0051008304581046104,-0.0051008304581046104,-0.00012136285658925772,0.00012136274017393589,-0.007031542249023914,0.007031543180346489,0.0019924568478018045,-0.001992456614971161,0.000747924204915762,-0.0007479237974621356,-0.0008694696007296443,0.0008694690768606961,-0.0071192230097949505,0.007119223475456238,-0.001381442416459322,0.001381442416459322,0.0017938441596925259,-0.0017938439268618822,0.005392246879637241,-0.005392246879637241,0.0007626686710864305,-0.0007626687875017524,0.0014933522325009108,-0.0014933522325009108,-0.0027616452425718307,0.0027616452425718307,0.0006552835693582892,-0.0006552833365276456,0.0012714981567114592,-0.0012714979238808155,-0.0017765690572559834,0.0017765690572559834,-0.0013903474900871515,0.0013903476065024734,0.0007200443651527166,-0.0007200443651527166,0.0016010469989851117,-0.0016010473482310772,0.0018600592156872153,-0.001860059448517859,0.0024379841051995754,-0.0024379841051995754,0.0018591999541968107,-0.0018592003034427762],[-0.01072561927139759,0.01072562113404274,0.01076898630708456,-0.010768983513116837,0.0011931904591619968,-0.0011931912740692496,0.024323096498847008,-0.023323096334934235,0.005805595777928829,-0.005805595777928829,0.0006500643794424832,-0.0006500640884041786,0.005082965362817049,-0.005082965362817049,0.00227027153596282,-0.00227027153596282,0.0019550095312297344,-0.001955009764060378,-0.0030064282473176718,0.0030064282473176718,0.001561659504659474,-0.0015616597374901175,0.0005581023870036006,-0.0005581021541729569,-0.005177748389542103,0.005177748389542103,0.003706790739670396,-0.0037067909725010395,-0.0005648320075124502,0.0005648318910971284,0.0001492534502176568,-0.00014925353752914816,-0.0008945245062932372,0.000894524622708559,-0.0004401075711939484,0.00044010774581693113,-0.0001121022505685687,0.0001121022505685687,-0.0005709024844691157,0.0005709024844691157,-0.0008902900153771043,0.0008902899571694434,3.26738809235394e-05,-3.267399733886123e-05,-0.0014389017596840858,0.0014389017596840858,-0.00016327708726748824,0.00016327726189047098,0.0003751323383767158,-0.0003751322510652244,0.0008149476489052176,-0.0008149477071128786,-0.0008404820691794157,0.0008404820109717548,0.0010904581286013126,-0.0010904583614319563],[0.01072561927139759,-0.01072562113404274,-0.01076898630708456,0.010768983513116837,-0.0011931902263313532,0.001193191739730537,-0.023323096334934235,0.024323096498847008,-0.005805595777928829,0.005805595777928829,-0.0006500643794424832,0.0006500640884041786,-0.005082965362817049,0.005082965362817049,-0.00227027153596282,0.00227027153596282,-0.0019550095312297344,0.001955009764060378,0.0030064282473176718,-0.0030064282473176718,-0.001561659504659474,0.0015616597374901175,-0.0005581023870036006,0.0005581021541729569,0.005177748389542103,-0.005177748389542103,-0.003706790739670396,0.0037067909725010395,0.0005648320075124502,-0.0005648318910971284,-0.0001492534502176568,0.00014925353752914816,0.0008945245062932372,-0.000894524622708559,0.0004401075711939484,-0.00044010774581693113,0.0001121022505685687,-0.0001121022505685687,0.0005709024844691157,-0.0005709024844691157,0.0008902900153771043,-0.0008902899571694434,-3.26738809235394e-05,3.267399733886123e-05,0.0014389017596840858,-0.0014389017596840858,0.00016327708726748824,-0.00016327726189047098,-0.0003751323383767158,0.0003751322510652244,-0.0008149476489052176,0.0008149477071128786,0.0008404820691794157,-0.0008404820109717548,-0.0010904581286013126,0.0010904583614319563],[-0.004236718639731407,0.004236720036715269,0.0007813659030944109,-0.0007813661359250546,0.004466718062758446,-0.004466719925403595,0.005805595777928829,-0.005805595777928829,0.013122044503688812,-0.012122043408453465,3.743229899555445e-05,-3.743247361853719e-05,0.0015954232076182961,-0.0015954234404489398,0.0039017314556986094,-0.0039017314556986094,0.002502967370674014,-0.0025029671378433704,-0.0011314308503642678,0.001131430733948946,0.00030671435524709523,-0.00030671461718156934,0.0019410665845498443,-0.001941066817380488,0.00010111994197359309,-0.00010112063318956643,3.7772697396576405e-06,-3.777327947318554e-06,-0.0004019924672320485,0.00040199243812821805,-0.0016417116858065128,0.0016417116858065128,-0.00021126915817148983,0.0002112691872753203,-0.00048150293878279626,0.0004815029678866267,-0.00023442220117431134,0.0002344222302781418,-8.658696606289595e-05,8.658696606289595e-05,0.0008011546451598406,-0.0008011548197828233,0.0006541160400956869,-0.000654115981888026,-0.00034912233240902424,0.0003491220995783806,0.0002257603919133544,-0.00022576036280952394,-0.00025977008044719696,0.00025977008044719696,0.0008443453116342425,-0.0008443453116342425,0.000990626635029912,-0.0009906265186145902,0.0001425037335138768,-0.0001425037917215377],[0.004236718639731407,-0.004236720502376556,-0.0007813663687556982,0.0007813668344169855,-0.004466718062758446,0.004466719925403595,-0.005805595777928829,0.005805595777928829,-0.012122043408453465,0.013122044503688812,-3.743229899555445e-05,3.743247361853719e-05,-0.0015954232076182961,0.0015954234404489398,-0.0039017314556986094,0.0039017314556986094,-0.002502967370674014,0.0025029671378433704,0.0011314308503642678,-0.001131430733948946,-0.00030671435524709523,0.00030671461718156934,-0.0019410665845498443,0.001941066817380488,-0.00010111994197359309,0.00010112063318956643,-3.7772697396576405e-06,3.777327947318554e-06,0.0004019924672320485,-0.00040199243812821805,0.0016417116858065128,-0.0016417116858065128,0.00021126915817148983,-0.0002112691872753203,0.00048150293878279626,-0.0004815029678866267,0.00023442220117431134,-0.0002344222302781418,8.658696606289595e-05,-8.658696606289595e-05,-0.0008011546451598406,0.0008011548197828233,-0.0006541160400956869,0.000654115981888026,0.00034912233240902424,-0.0003491220995783806,-0.0002257603919133544,0.00022576036280952394,0.00025977008044719696,-0.00025977008044719696,-0.0008443453116342425,0.0008443453116342425,-0.000990626635029912,0.0009906265186145902,-0.0001425037335138768,0.0001425037917215377],[0.00034673220943659544,-0.00034673174377530813,-0.0009648700943216681,0.0009648691629990935,0.00050794065464288,-0.00050794065464288,0.0006500643794424832,-0.0006500643794424832,3.743229899555445e-05,-3.743229899555445e-05,0.006450176239013672,-0.0054501756094396114,0.0006777619710192084,-0.0006777618546038866,0.0006314460188150406,-0.0006314459023997188,0.001198429148644209,-0.001198429148644209,0.0005911311018280685,-0.0005911310436204076,0.0018372030463069677,-0.0018372033955529332,0.001113405218347907,-0.001113405334763229,0.0013821027241647243,-0.0013821024913340807,0.000875697354786098,-0.0008756974712014198,0.0006854410748928785,-0.0006854412495158613,-0.002152123488485813,0.002152123488485813,0.0003616908797994256,-0.0003616908215917647,0.00025291318888776004,-0.00025291298516094685,-0.0011409563012421131,0.001140956417657435,0.0003020188305526972,-0.0003020188014488667,-0.0008150351350195706,0.0008150351932272315,4.4553278712555766e-05,-4.455324960872531e-05,0.00046992424177005887,-0.00046992412535473704,0.00029607873875647783,-0.0002960786805488169,0.00030132924439385533,-0.00030132930260151625,-0.0002574157842900604,0.0002574157842900604,-0.0003162486827932298,0.0003162486827932298,0.0001322070020250976,-0.00013220698747318238],[-0.0003467355854809284,0.000346735178027302,0.00096487085102126,-0.0009648694540373981,-0.0005079425172880292,0.0005079425172880292,-0.0006500640884041786,0.0006500640884041786,-3.743247361853719e-05,3.743247361853719e-05,-0.0054501756094396114,0.006450175773352385,-0.0006777604576200247,0.0006777604576200247,-0.0006314469501376152,0.0006314468919299543,-0.0011984314769506454,0.0011984314769506454,-0.0005911306361667812,0.0005911305779591203,-0.0018372043268755078,0.001837204908952117,-0.0011134054511785507,0.0011134055675938725,-0.0013821024913340807,0.0013821024913340807,-0.0008756970637477934,0.0008756972383707762,-0.0006854416569694877,0.0006854417733848095,0.0021521232556551695,-0.0021521232556551695,-0.0003616910835262388,0.00036169099621474743,-0.0002529131015762687,0.00025291292695328593,0.0011409563012421131,-0.0011409563012421131,-0.0003020190051756799,0.0003020190051756799,0.0008150352514348924,-0.0008150353096425533,-4.4553831685334444e-05,4.4553831685334444e-05,-0.00046992505667731166,0.0004699249693658203,-0.0002960788260679692,0.00029607879696413875,-0.000301329477224499,0.000301329477224499,0.0002574156387709081,-0.0002574156678747386,0.00031624885741621256,-0.00031624885741621256,-0.0001322067400906235,0.00013220672553870827],[-0.002913000527769327,0.002913000527769327,0.010535183362662792,-0.010535180568695068,-0.005100831855088472,0.0051008304581046104,0.005082965362817049,-0.005082965362817049,0.0015954232076182961,-0.0015954232076182961,0.0006777619710192084,-0.0006777604576200247,0.020237138494849205,-0.019237136468291283,0.004502473399043083,-0.004502473399043083,0.006651018280535936,-0.006651018280535936,-0.0024333272594958544,0.0024333270266652107,-0.00010439744801260531,0.00010439709876663983,0.0011478130472823977,-0.0011478125816211104,-0.003645688761025667,0.003645688761025667,0.0038651935756206512,-0.0038651935756206512,0.00017296677106060088,-0.0001729666837491095,0.0006993027636781335,-0.0006993027636781335,4.15249087382108e-05,-4.1524923290126026e-05,2.6076711947098374e-05,-2.6076595531776547e-05,-0.0010724712628871202,0.0010724712628871202,0.00033035321393981576,-0.00033035321393981576,-0.0005337981274351478,0.0005337980692274868,-0.00012599522597156465,0.0001259952550753951,4.547953722067177e-06,-4.547851858660579e-06,0.00015037221601232886,-0.00015037227421998978,0.00022170678130351007,-0.00022170681040734053,0.00010920668137259781,-0.0001092067250283435,-0.0010939652565866709,0.0010939652565866709,-0.0008359952480532229,0.0008359951316379011],[0.002913000527769327,-0.002913000527769327,-0.010535183362662792,0.010535180568695068,0.00510083232074976,-0.0051008304581046104,-0.005082965362817049,0.005082965362817049,-0.0015954234404489398,0.0015954234404489398,-0.0006777618546038866,0.0006777604576200247,-0.019237136468291283,0.020237136632204056,-0.004502473399043083,0.004502473399043083,-0.006651018280535936,0.006651018280535936,0.0024333272594958544,-0.0024333270266652107,0.00010439744801260531,-0.00010439709876663983,-0.0011478130472823977,0.0011478125816211104,0.003645688761025667,-0.003645688761025667,-0.0038651935756206512,0.0038651935756206512,-0.00017296677106060088,0.0001729666837491095,-0.0006993027636781335,0.0006993027636781335,-4.15249087382108e-05,4.1524923290126026e-05,-2.6076711947098374e-05,2.6076595531776547e-05,0.0010724712628871202,-0.0010724712628871202,-0.00033035321393981576,0.00033035321393981576,0.0005337981274351478,-0.0005337980692274868,0.00012599522597156465,-0.0001259952550753951,-4.547953722067177e-06,4.547851858660579e-06,-0.00015037221601232886,0.00015037227421998978,-0.00022170678130351007,0.00022170681040734053,-0.00010920668137259781,0.0001092067250283435,0.0010939652565866709,-0.0010939652565866709,0.0008359952480532229,-0.0008359951316379011],[-0.005355920642614365,0.00535591971129179,0.012370485812425613,-0.012370484881103039,0.00012136204168200493,-0.00012136285658925772,0.00227027153596282,-0.00227027153596282,0.0039017314556986094,-0.0039017314556986094,0.0006314460188150406,-0.0006314469501376152,0.004502473399043083,-0.004502473399043083,0.01235498022288084,-0.011354980058968067,0.005942561663687229,-0.0059425607323646545,0.0014063306152820587,-0.0014063308481127024,0.0013820459134876728,-0.001382045797072351,0.0011130920611321926,-0.0011130920611321926,-0.00038548861630260944,0.0003854887909255922,0.0004760647425428033,-0.0004760647425428033,-0.0005000936798751354,0.0005000938544981182,0.002058889716863632,-0.002058889716863632,-0.0003513414994813502,0.00035134144127368927,0.0007554655312560499,-0.0007554655894637108,-0.001112813246436417,0.001112813246436417,-0.00018537210416980088,0.0001853720605140552,-0.0002641627215780318,0.0002641627797856927,0.00044466520193964243,-0.00044466526014730334,-0.0006421201396733522,0.0006421200232580304,-0.0004237573593854904,0.0004237573593854904,0.0004791460232809186,-0.0004791460232809186,-0.0008494002977386117,0.0008494002977386117,-0.00041532181785441935,0.0004153217887505889,1.5848534530960023e-05,-1.5848636394366622e-05],[0.005355920176953077,-0.00535591971129179,-0.012370485812425613,0.012370484881103039,-0.0001213619252666831,0.00012136274017393589,-0.00227027153596282,0.00227027153596282,-0.0039017314556986094,0.0039017314556986094,-0.0006314459023997188,0.0006314468919299543,-0.004502473399043083,0.004502473399043083,-0.011354980058968067,0.012354981154203415,-0.0059425607323646545,0.0059425607323646545,-0.0014063308481127024,0.001406331080943346,-0.0013820456806570292,0.0013820454478263855,-0.0011130915954709053,0.0011130912462249398,0.0003854889655485749,-0.0003854888491332531,-0.0004760643932968378,0.0004760643932968378,0.0005000938544981182,-0.0005000939127057791,-0.002058889716863632,0.002058889716863632,0.00035134132485836744,-0.00035134132485836744,-0.0007554658222943544,0.0007554658222943544,0.001112813362851739,-0.001112813246436417,0.00018537184223532677,-0.0001853718131314963,0.0002641629835125059,-0.00026416307082399726,-0.00044466485269367695,0.00044466491090133786,0.0006421201396733522,-0.0006421200232580304,0.0004237572429701686,-0.0004237571556586772,-0.00047914631431922317,0.00047914631431922317,0.0008494002977386117,-0.0008494002977386117,0.0004153221379965544,-0.0004153221379965544,-1.584865094628185e-05,1.5848781913518906e-05],[0.01654612086713314,-0.01654612272977829,0.004428246524184942,-0.004428246058523655,0.007031541783362627,-0.007031542249023914,0.0019550095312297344,-0.0019550095312297344,0.002502967370674014,-0.002502967370674014,0.001198429148644209,-0.0011984314769506454,0.006651018280535936,-0.006651018280535936,0.005942561663687229,-0.0059425607323646545,0.022052675485610962,-0.021052677184343338,0.0006525343051180243,-0.0006525341887027025,0.00041428342228755355,-0.0004142839170526713,0.004258128348737955,-0.004258128348737955,-0.0014237976865842938,0.0014237978029996157,-0.0006009441567584872,0.0006009444477967918,-0.0002614539989735931,0.0002614539407659322,0.0006017342675477266,-0.0006017342675477266,0.00013305424363352358,-0.00013305422908160836,0.000547604460734874,-0.000547604460734874,-0.00010800085146911442,0.00010800089512486011,-8.299439650727436e-05,8.299436012748629e-05,-5.77762839384377e-05,5.7776138419285417e-05,0.0013792563695460558,-0.0013792566023766994,4.485968383960426e-05,-4.48596547357738e-05,-0.00010360321903135628,0.00010360321903135628,0.0005793361342512071,-0.000579336192458868,-4.641371197067201e-05,4.641377381631173e-05,0.00021524925250560045,-0.00021524931071326137,1.3515531463781372e-05,-1.3515556929633021e-05],[-0.01654612086713314,0.01654612272977829,-0.004428246524184942,0.004428246058523655,-0.007031543180346489,0.007031543180346489,-0.001955009764060378,0.001955009764060378,-0.0025029671378433704,0.0025029671378433704,-0.001198429148644209,0.0011984314769506454,-0.006651018280535936,0.006651018280535936,-0.0059425607323646545,0.0059425607323646545,-0.021052677184343338,0.022052675485610962,-0.0006525344215333462,0.0006525344215333462,-0.0004142831894569099,0.0004142835095990449,-0.00425812928006053,0.004258128814399242,0.0014237978029996157,-0.0014237979194149375,0.0006009427597746253,-0.000600942934397608,0.0002614542900118977,-0.0002614542027004063,-0.0006017338600941002,0.0006017338018864393,-0.00013305453467182815,0.0001330545055679977,-0.0005476046353578568,0.0005476045189425349,0.00010800056043080986,-0.00010800060408655554,8.299432374769822e-05,-8.299435285152867e-05,5.777637124992907e-05,-5.777616752311587e-05,-0.0013792561367154121,0.0013792561367154121,-4.485879617277533e-05,4.485875251702964e-05,0.00010360332089476287,-0.00010360332089476287,-0.000579336192458868,0.0005793361342512071,4.641417763195932e-05,-4.641421037376858e-05,-0.0002152490196749568,0.0002152490778826177,-1.3515273167286068e-05,1.3515269529307261e-05],[0.005339250899851322,-0.0053392499685287476,-0.0022897443268448114,0.002289743861183524,-0.0019924563821405172,0.0019924568478018045,-0.0030064282473176718,0.0030064282473176718,-0.0011314308503642678,0.0011314308503642678,0.0005911311018280685,-0.0005911306361667812,-0.0024333272594958544,0.0024333272594958544,0.0014063306152820587,-0.0014063308481127024,0.0006525343051180243,-0.0006525344215333462,0.013615187257528305,-0.012615187093615532,-0.0007795289275236428,0.0007795291603542864,0.0065283337607979774,-0.0065283337607979774,7.054113666526973e-06,-7.053877197904512e-06,-0.0015370564069598913,0.0015370561741292477,0.000983563018962741,-0.000983562902547419,-0.0004511253791861236,0.0004511253791861236,0.0005525225424207747,-0.0005525225424207747,0.000280227221082896,-0.0002802272792905569,3.692541940836236e-05,-3.692541940836236e-05,0.0006314301281236112,-0.0006314301281236112,0.0001371701218886301,-0.0001371699181618169,9.811279596760869e-05,-9.811279596760869e-05,0.0005962101859040558,-0.0005962101859040558,0.00042568720527924597,-0.0004256873216945678,-0.00010941820801235735,0.00010941819346044213,0.000977108022198081,-0.0009771081386134028,0.00019929555128328502,-0.00019929560949094594,-0.00011618176358751953,0.00011618180724326521],[-0.005339250899851322,0.0053392499685287476,0.002289744559675455,-0.002289744094014168,0.0019924561493098736,-0.001992456614971161,0.0030064282473176718,-0.0030064282473176718,0.001131430733948946,-0.001131430733948946,-0.0005911310436204076,0.0005911305779591203,0.0024333270266652107,-0.0024333270266652107,-0.0014063308481127024,0.001406331080943346,-0.0006525341887027025,0.0006525344215333462,-0.012615187093615532,0.01361518818885088,0.0007795293931849301,-0.0007795291603542864,-0.0065283337607979774,0.0065283337607979774,-7.053949957480654e-06,7.053673471091315e-06,0.0015370555920526385,-0.0015370557084679604,-0.0009835627861320972,0.0009835627861320972,0.0004511248553171754,-0.0004511247971095145,-0.0005525224260054529,0.0005525224842131138,-0.0002802273374982178,0.0002802273374982178,-3.6925084714312106e-05,3.6925084714312106e-05,-0.0006314301863312721,0.0006314301863312721,-0.0001371701218886301,0.00013716985995415598,-9.811256313696504e-05,9.811259224079549e-05,-0.0005962102441117167,0.0005962101859040558,-0.00042568720527924597,0.0004256872634869069,0.0001094180770451203,-0.00010941801883745939,-0.000977108022198081,0.0009771081386134028,-0.00019929575501009822,0.00019929581321775913,0.00011618137068580836,-0.00011618132703006268],[-0.0006085466593503952,0.0006085478235036135,-0.00187496782746166,0.0018749675946310163,-0.0007479249034076929,0.000747924204915762,0.001561659504659474,-0.001561659504659474,0.00030671435524709523,-0.00030671435524709523,0.0018372030463069677,-0.0018372043268755078,-0.00010439744801260531,0.00010439744801260531,0.0013820459134876728,-0.0013820456806570292,0.00041428342228755355,-0.0004142831894569099,-0.0007795289275236428,0.0007795293931849301,0.005174050573259592,-0.004174052271991968,-0.0002012066834140569,0.00020120665431022644,-0.0008472634945064783,0.0008472636109218001,0.0026747039519250393,-0.002674704184755683,0.0006369557231664658,-0.0006369556649588048,-0.000477354769827798,0.0004773548280354589,0.00034192024031654,-0.00034192024031654,0.00038001095526851714,-0.0003800109843723476,0.00016966444673016667,-0.00016966438852250576,0.0003413864760659635,-0.00034138650516979396,0.0002013717603404075,-0.0002013718185480684,0.00020561613200698048,-0.00020561613200698048,-0.00013516128819901496,0.0001351613027509302,0.0002652995171956718,-0.0002652995171956718,0.00027830631006509066,-0.00027830625185742974,0.00010918686166405678,-0.00010918682528426871,-0.0006183423101902008,0.0006183423101902008,0.0004030363052152097,-0.0004030363052152097],[0.0006085465429350734,-0.0006085479399189353,0.0018749670125544071,-0.001874966430477798,0.0007479242631234229,-0.0007479237974621356,-0.0015616597374901175,0.0015616597374901175,-0.00030671461718156934,0.00030671461718156934,-0.0018372033955529332,0.001837204908952117,0.00010439709876663983,-0.00010439709876663983,-0.001382045797072351,0.0013820454478263855,-0.0004142839170526713,0.0004142835095990449,0.0007795291603542864,-0.0007795291603542864,-0.004174052271991968,0.005174051038920879,0.00020120615954510868,-0.0002012060722336173,0.0008472641347907484,-0.0008472641347907484,-0.0026747044175863266,0.0026747044175863266,-0.0006369558395817876,0.0006369558395817876,0.0004773549735546112,-0.0004773549735546112,-0.0003419203276280314,0.00034192035673186183,-0.0003800113045144826,0.00038001121720299125,-0.00016966485418379307,0.00016966491239145398,-0.00034138659248128533,0.00034138659248128533,-0.00020137158571742475,0.00020137164392508566,-0.00020561616111081094,0.0002056161465588957,0.00013516104081645608,-0.00013516104081645608,-0.0002652994589880109,0.0002652994589880109,-0.00027830651379190385,0.00027830651379190385,-0.00010918674524873495,0.00010918673797277734,0.000618342193774879,-0.000618342193774879,-0.0004030363925267011,0.00040303642163053155],[0.0020751170814037323,-0.002075115917250514,0.008629333227872849,-0.008629334159195423,0.0008694696007296443,-0.0008694696007296443,0.0005581023870036006,-0.0005581023870036006,0.0019410665845498443,-0.0019410665845498443,0.001113405218347907,-0.0011134054511785507,0.0011478130472823977,-0.0011478130472823977,0.0011130920611321926,-0.0011130915954709053,0.004258128348737955,-0.00425812928006053,0.0065283337607979774,-0.0065283337607979774,-0.0002012066834140569,0.00020120615954510868,0.01477019488811493,-0.013770194724202156,0.00010605156421661377,-0.00010605144780129194,0.00023131619673222303,-0.0002313164295628667,-0.0001722950692055747,0.00017229509830940515,-0.00011344847735017538,0.00011344847735017538,0.00010071205906569958,-0.00010071205178974196,0.00047195787192322314,-0.0004719579592347145,2.9864750104025006e-05,-2.9864691896364093e-05,0.00031415405101142824,-0.0003141539928037673,-7.956838817335665e-05,7.956841727718711e-05,-0.00015424532466568053,0.00015424532466568053,0.00022453338897321373,-0.0002245334180770442,0.00020156436949037015,-0.0002015643985942006,-0.00014349161938298494,0.00014349159027915448,-0.0001450279087293893,0.0001450279087293893,0.00018692403682507575,-0.00018692397861741483,-0.00059486273676157,0.00059486273676157],[-0.0020751170814037323,0.0020751156844198704,-0.008629333227872849,0.008629333227872849,-0.0008694693096913397,0.0008694690768606961,-0.0005581021541729569,0.0005581021541729569,-0.001941066817380488,0.001941066817380488,-0.001113405334763229,0.0011134055675938725,-0.0011478125816211104,0.0011478125816211104,-0.0011130920611321926,0.0011130912462249398,-0.004258128348737955,0.004258128814399242,-0.0065283337607979774,0.0065283337607979774,0.00020120665431022644,-0.0002012060722336173,-0.013770194724202156,0.01477019302546978,-0.00010605191346257925,0.0001060516806319356,-0.00023131677880883217,0.00023131666239351034,0.00017229473451152444,-0.00017229479271918535,0.00011344801168888807,-0.00011344795348122716,-0.00010071224824059755,0.00010071221913676709,-0.0004719581629615277,0.00047195819206535816,-2.98642844427377e-05,2.9864226235076785e-05,-0.0003141541383229196,0.0003141541383229196,7.956827175803483e-05,-7.956818444654346e-05,0.0001542451500426978,-0.00015424517914652824,-0.00022453379642684013,0.0002245337818749249,-0.00020156448590569198,0.00020156448590569198,0.00014349172124639153,-0.00014349166303873062,0.00014502767589874566,-0.00014502767589874566,-0.00018692418234422803,0.00018692418234422803,0.0005948626785539091,-0.00059486273676157],[0.0012064913753420115,-0.0012064918410032988,-0.0027508377097547054,0.002750835847109556,0.007119223475456238,-0.0071192230097949505,-0.005177748389542103,0.005177748389542103,0.00010111994197359309,-0.00010111994197359309,0.0013821027241647243,-0.0013821024913340807,-0.003645688761025667,0.003645688761025667,-0.00038548861630260944,0.0003854889655485749,-0.0014237976865842938,0.0014237978029996157,7.054113666526973e-06,-7.053949957480654e-06,-0.0008472634945064783,0.0008472641347907484,0.00010605156421661377,-0.00010605191346257925,0.00951613113284111,-0.008516131900250912,-0.0008355400059372187,0.0008355401223525405,0.0004505834076553583,-0.0004505833494476974,0.0003179769846610725,-0.0003179769846610725,0.0007614801870658994,-0.0007614802452735603,0.00019394775154069066,-0.00019394778064452112,1.1451193131506443e-05,-1.1451164027675986e-05,0.00026398495538160205,-0.0002639849262777716,0.0011626053601503372,-0.0011626055929809809,1.4409946743398905e-05,-1.4409888535737991e-05,-0.0005178856081329286,0.0005178854917176068,0.00020175731333438307,-0.0002017573278862983,0.00014616819680668414,-0.00014616819680668414,-0.0002263843489345163,0.00022638443624600768,0.0004127776192035526,-0.00041277764830738306,-6.120465695858002e-05,6.120454054325819e-05],[-0.0012064913753420115,0.001206491608172655,0.0027508377097547054,-0.0027508356142789125,-0.007119223475456238,0.007119223475456238,0.005177748389542103,-0.005177748389542103,-0.00010112063318956643,0.00010112063318956643,-0.0013821024913340807,0.0013821024913340807,0.003645688761025667,-0.003645688761025667,0.0003854887909255922,-0.0003854888491332531,0.0014237978029996157,-0.0014237979194149375,-7.053877197904512e-06,7.053673471091315e-06,0.0008472636109218001,-0.0008472641347907484,-0.00010605144780129194,0.0001060516806319356,-0.008516131900250912,0.009516130201518536,0.0008355404133908451,-0.000835540471598506,-0.00045058372779749334,0.00045058372779749334,-0.0003179771010763943,0.0003179771010763943,-0.0007614802452735603,0.0007614803034812212,-0.00019394798437133431,0.00019394801347516477,-1.14512222353369e-05,1.14512222353369e-05,-0.00026398510090075433,0.00026398515910841525,-0.0011626052437350154,0.0011626053601503372,-1.4410295989364386e-05,1.4410295989364386e-05,0.0005178854335099459,-0.0005178854917176068,-0.00020175721147097647,0.00020175724057480693,-0.0001461684878449887,0.0001461684878449887,0.0002263845526613295,-0.00022638461086899042,-0.00041277764830738306,0.00041277773561887443,6.120448233559728e-05,-6.12043950241059e-05],[0.001260683173313737,-0.0012606823584064841,-0.003188573755323887,0.003188573755323887,0.0013814428821206093,-0.001381442416459322,0.003706790739670396,-0.003706790739670396,3.7772697396576405e-06,-3.7772697396576405e-06,0.000875697354786098,-0.0008756970637477934,0.0038651935756206512,-0.0038651935756206512,0.0004760647425428033,-0.0004760643932968378,-0.0006009441567584872,0.0006009427597746253,-0.0015370564069598913,0.0015370555920526385,0.0026747039519250393,-0.0026747044175863266,0.00023131619673222303,-0.00023131677880883217,-0.0008355400059372187,0.0008355404133908451,0.010521728545427322,-0.00952172838151455,6.279652006924152e-05,-6.279652006924152e-05,-0.0012227788101881742,0.0012227788101881742,0.00029461964732035995,-0.0002946195309050381,-0.00024693264276720583,0.00024693264276720583,0.0005041227559559047,-0.0005041227559559047,5.7428725995123386e-05,-5.742869689129293e-05,-0.0010033083381131291,0.001003308454528451,0.0013401396572589874,-0.0013401396572589874,0.00022469082614406943,-0.00022469089890364558,0.00029720598831772804,-0.00029720598831772804,-0.0001983654947252944,0.0001983655383810401,0.0001446148962713778,-0.00014461486716754735,-0.00013507483527064323,0.0001350748643744737,0.0006762989796698093,-0.0006762989796698093],[-0.0012606834061443806,0.0012606823584064841,0.003188573755323887,-0.003188573755323887,-0.0013814427657052875,0.001381442416459322,-0.0037067909725010395,0.0037067909725010395,-3.777327947318554e-06,3.777327947318554e-06,-0.0008756974712014198,0.0008756972383707762,-0.0038651935756206512,0.0038651935756206512,-0.0004760647425428033,0.0004760643932968378,0.0006009444477967918,-0.000600942934397608,0.0015370561741292477,-0.0015370557084679604,-0.002674704184755683,0.0026747044175863266,-0.0002313164295628667,0.00023131666239351034,0.0008355401223525405,-0.000835540471598506,-0.00952172838151455,0.010521728545427322,-6.279652006924152e-05,6.279652006924152e-05,0.0012227788101881742,-0.0012227788101881742,-0.00029461964732035995,0.0002946195309050381,0.00024693264276720583,-0.00024693264276720583,-0.0005041227559559047,0.0005041227559559047,-5.7428725995123386e-05,5.742869689129293e-05,0.0010033083381131291,-0.001003308454528451,-0.0013401396572589874,0.0013401396572589874,-0.00022469082614406943,0.00022469089890364558,-0.00029720598831772804,0.00029720598831772804,0.0001983654947252944,-0.0001983655383810401,-0.0001446148962713778,0.00014461486716754735,0.00013507483527064323,-0.0001350748643744737,-0.0006762989796698093,0.0006762989796698093],[0.000418639974668622,-0.00041864020749926567,-0.0017967657186090946,0.0017967656021937728,-0.0017938439268618822,0.0017938441596925259,-0.0005648320075124502,0.0005648320075124502,-0.0004019924672320485,0.0004019924672320485,0.0006854410748928785,-0.0006854416569694877,0.00017296677106060088,-0.00017296677106060088,-0.0005000936798751354,0.0005000938544981182,-0.0002614539989735931,0.0002614542900118977,0.000983563018962741,-0.0009835627861320972,0.0006369557231664658,-0.0006369558395817876,-0.0001722950692055747,0.00017229473451152444,0.0004505834076553583,-0.00045058372779749334,6.279652006924152e-05,-6.279652006924152e-05,0.0035940255038440228,-0.0025940255727618933,0.001951309503056109,-0.001951309503056109,0.0017055945936590433,-0.0017055944772437215,0.0009547661175020039,-0.0009547661757096648,0.00045585024054162204,-0.00045585024054162204,0.0012723219115287066,-0.0012723219115287066,0.0005653128609992564,-0.0005653128027915955,0.0009255929035134614,-0.0009255929617211223,1.0736999684013426e-05,-1.0736999684013426e-05,0.0010452503338456154,-0.0010452504502609372,0.0006734586204402149,-0.0006734586786478758,8.617456478532404e-05,-8.61745938891545e-05,0.00037401492591015995,-0.00037401486770249903,-0.00030371639877557755,0.000303716427879408],[-0.0004186402657069266,0.0004186404403299093,0.001796765485778451,-0.0017967650201171637,0.001793843461200595,-0.0017938439268618822,0.0005648318910971284,-0.0005648318910971284,0.00040199243812821805,-0.00040199243812821805,-0.0006854412495158613,0.0006854417733848095,-0.0001729666837491095,0.0001729666837491095,0.0005000938544981182,-0.0005000939127057791,0.0002614539407659322,-0.0002614542027004063,-0.000983562902547419,0.0009835627861320972,-0.0006369556649588048,0.0006369558395817876,0.00017229509830940515,-0.00017229479271918535,-0.0004505833494476974,0.00045058372779749334,-6.279652006924152e-05,6.279652006924152e-05,-0.0025940255727618933,0.0035940255038440228,-0.0019513091538101435,0.0019513091538101435,-0.0017055944772437215,0.0017055944772437215,-0.0009547660010866821,0.000954766059294343,-0.00045585035695694387,0.00045585035695694387,-0.001272321678698063,0.001272321678698063,-0.0005653128609992564,0.0005653127445839345,-0.0009255929617211223,0.0009255929617211223,-1.0736926924437284e-05,1.0736926924437284e-05,-0.0010452503338456154,0.0010452503338456154,-0.0006734586204402149,0.0006734586204402149,-8.61743901623413e-05,8.617441926617175e-05,-0.0003740148094948381,0.00037401478039100766,0.00030371639877557755,-0.00030371639877557755],[0.0023989886976778507,-0.0023989893961697817,-0.003960880450904369,0.003960880916565657,-0.005392245948314667,0.005392246879637241,0.0001492534502176568,-0.0001492534502176568,-0.0016417116858065128,0.0016417116858065128,-0.002152123488485813,0.0021521232556551695,0.0006993027636781335,-0.0006993027636781335,0.002058889716863632,-0.002058889716863632,0.0006017342675477266,-0.0006017338600941002,-0.0004511253791861236,0.0004511248553171754,-0.000477354769827798,0.0004773549735546112,-0.00011344847735017538,0.00011344801168888807,0.0003179769846610725,-0.0003179771010763943,-0.0012227788101881742,0.0012227788101881742,0.001951309503056109,-0.0019513091538101435,0.008037563413381577,-0.007037562783807516,0.001321001909673214,-0.001321001909673214,0.0011983431177213788,-0.0011983433505520225,0.0020309570245444775,-0.0020309570245444775,0.0009919158183038235,-0.0009919158183038235,0.0019701689016073942,-0.0019701689016073942,0.0003972371050622314,-0.0003972371050622314,-9.235634934157133e-06,9.235605830326676e-06,0.0009507022332400084,-0.0009507023496553302,0.0008765361271798611,-0.0008765363018028438,0.0027617057785391808,-0.0027617057785391808,0.00042249850230291486,-0.0004224985314067453,0.00030892304494045675,-0.0003089231322519481],[-0.0023989886976778507,0.0023989896290004253,0.003960880450904369,-0.003960880450904369,0.005392245948314667,-0.005392246879637241,-0.00014925353752914816,0.00014925353752914816,0.0016417116858065128,-0.0016417116858065128,0.002152123488485813,-0.0021521232556551695,-0.0006993027636781335,0.0006993027636781335,-0.002058889716863632,0.002058889716863632,-0.0006017342675477266,0.0006017338018864393,0.0004511253791861236,-0.0004511247971095145,0.0004773548280354589,-0.0004773549735546112,0.00011344847735017538,-0.00011344795348122716,-0.0003179769846610725,0.0003179771010763943,0.0012227788101881742,-0.0012227788101881742,-0.001951309503056109,0.0019513091538101435,-0.007037562783807516,0.008037563413381577,-0.001321001909673214,0.001321001909673214,-0.0011983431177213788,0.0011983433505520225,-0.0020309570245444775,0.0020309570245444775,-0.0009919158183038235,0.0009919158183038235,-0.0019701689016073942,0.0019701689016073942,-0.0003972371050622314,0.0003972371050622314,9.235634934157133e-06,-9.235605830326676e-06,-0.0009507022332400084,0.000950