{"epoch":0,"H":[[0.05037049576640129,-0.04937049373984337,0.019176045432686806,-0.019176045432686806,0.013839544728398323,-0.013839542865753174,-0.0037082566414028406,0.0037082566414028406,0.00036707648541778326,-0.0003670775331556797,0.0007117294007912278,-0.0007117275381460786,-0.0028696106746792793,0.002869610907509923,-0.006871834397315979,0.006871834397315979,0.007840782403945923,-0.007840782403945923,0.007842574268579483,-0.007842574268579483,-0.0010216169757768512,0.001021617092192173,-0.005497104488313198,0.005497104488313198,0.0024558906443417072,-0.0024558911100029945,-0.0027892664074897766,0.0027892659418284893,0.0024629011750221252,-0.002462900709360838,-0.0024130670353770256,0.0024130670353770256,0.0011668731458485126,-0.0011668731458485126,0.0007158142980188131,-0.000715814414434135,0.002253723330795765,-0.002253723330795765,0.0006105943466536701,-0.0006105945794843137,0.0007857868331484497,-0.0007857865421101451,0.0008482445264235139,-0.0008482444100081921,0.0007379839080385864,-0.0007379837334156036,0.0004818374873138964,-0.00048183713806793094,0.0008117262623272836,-0.0008117261459119618,0.0014140395214781165,-0.0014140395214781165,-0.0008965447777882218,0.0008965447195805609,0.00022512974101118743,-0.00022512974101118743],[-0.04937049373984337,0.05037049204111099,-0.019176045432686806,0.019176045432686806,-0.013839544728398323,0.013839542865753174,0.0037082566414028406,-0.0037082566414028406,-0.00036707648541778326,0.0003670775331556797,-0.0007117294007912278,0.0007117275381460786,0.0028696106746792793,-0.002869610907509923,0.006871834397315979,-0.006871834397315979,-0.007840782403945923,0.007840782403945923,-0.007842574268579483,0.007842574268579483,0.0010216169757768512,-0.001021617092192173,0.005497104488313198,-0.005497104488313198,-0.0024558906443417072,0.0024558911100029945,0.0027892664074897766,-0.0027892659418284893,-0.0024629011750221252,0.002462900709360838,0.0024130670353770256,-0.0024130670353770256,-0.0011668731458485126,0.0011668731458485126,-0.0007158142980188131,0.000715814414434135,-0.002253723330795765,0.002253723330795765,-0.0006105943466536701,0.0006105945794843137,-0.0007857868331484497,0.0007857865421101451,-0.0008482445264235139,0.0008482444100081921,-0.0007379839080385864,0.0007379837334156036,-0.0004818374873138964,0.00048183713806793094,-0.0008117262623272836,0.0008117261459119618,-0.0014140395214781165,0.0014140395214781165,0.0008965447777882218,-0.0008965447195805609,-0.00022512974101118743,0.00022512974101118743],[0.019176045432686806,-0.019176045432686806,0.05435340106487274,-0.05335339903831482,0.013108464889228344,-0.013108464889228344,0.013310594484210014,-0.013310592621564865,-0.010918053798377514,0.01091805286705494,0.0042524985037744045,-0.0042524985037744045,0.00028773496160283685,-0.0002877348742913455,0.007308358792215586,-0.007308358326554298,0.0010828850790858269,-0.0010828848462551832,-0.0015880442224442959,0.0015880442224442959,0.0011619862634688616,-0.001161984633654356,-0.007267267908900976,0.007267267908900976,-0.0013235154328867793,0.0013235150836408138,0.0010191274341195822,-0.0010191276669502258,0.0017357543110847473,-0.0017357540782541037,0.0031120318453758955,-0.003112031612545252,0.0008454818744212389,-0.0008454818744212389,0.0009318465017713606,-0.0009318464435636997,0.002325399313122034,-0.002325399313122034,0.001050138846039772,-0.001050138846039772,0.00031834281980991364,-0.0003183426451869309,0.0008725491934455931,-0.0008725491352379322,0.000906804227270186,-0.0009068039362318814,0.0010407378431409597,-0.0010407378431409597,-9.868154302239418e-05,9.868155757430941e-05,0.0013588692527264357,-0.0013588692527264357,0.00018640751659404486,-0.00018640774942468852,0.0022935112938284874,-0.0022935110609978437],[-0.019176045432686806,0.019176045432686806,-0.05335339903831482,0.054353393614292145,-0.01310846395790577,0.01310846395790577,-0.013310592621564865,0.013310592621564865,0.010918054729700089,-0.010918053798377514,-0.0042524999007582664,0.0042524985037744045,-0.0002877350780181587,0.0002877347287721932,-0.0073083569295704365,0.007308357395231724,-0.0010828848462551832,0.0010828848462551832,0.0015880452701821923,-0.001588045503012836,-0.0011619855649769306,0.0011619838187471032,0.0072672669775784016,-0.007267267908900976,0.001323516247794032,-0.001323515665717423,-0.001019128249026835,0.0010191281326115131,-0.0017357559408992529,0.0017357555916532874,-0.003112032078206539,0.003112032078206539,-0.0008454814669676125,0.0008454815833829343,-0.0009318466763943434,0.0009318466763943434,-0.002325397916138172,0.002325397916138172,-0.0010501389624550939,0.0010501390788704157,-0.0003183422377333045,0.00031834206311032176,-0.0008725494262762368,0.0008725493680685759,-0.0009068037616088986,0.000906803528778255,-0.0010407381923869252,0.0010407379595562816,9.868157212622464e-05,-9.868158667813987e-05,-0.0013588694855570793,0.0013588694855570793,-0.00018640622147358954,0.00018640639609657228,-0.0022935103625059128,0.002293510129675269],[0.013839544728398323,-0.013839544728398323,0.013108464889228344,-0.01310846395790577,0.019648488610982895,-0.018648486584424973,0.00464943191036582,-0.00464943191036582,0.005753888748586178,-0.005753888748586178,-0.0007438126485794783,0.0007438136963173747,-0.000259833293966949,0.000259833293966949,0.003520773723721504,-0.003520773956552148,9.058928117156029e-05,-9.058852447196841e-05,0.003064398653805256,-0.0030643984209746122,0.0008378394413739443,-0.0008378390921279788,0.0016006419900804758,-0.0016006419900804758,0.002181928139179945,-0.0021819290705025196,0.0008516109082847834,-0.0008516103844158351,0.0004944178508594632,-0.0004944175016134977,-0.002267413306981325,0.002267413306981325,0.0003209272981621325,-0.0003209272399544716,-4.785641795024276e-05,4.785641795024276e-05,0.00032288787770085037,-0.00032288781949318945,5.781836807727814e-05,-5.7818484492599964e-05,-0.0007800848106853664,0.0007800849271006882,-0.0015297322534024715,0.0015297322534024715,-0.0015532467514276505,0.0015532468678429723,0.0001350731181446463,-0.0001350729144178331,0.0003637823392637074,-0.0003637823974713683,-0.0006586766103282571,0.000658676668535918,-9.979621972888708e-05,9.979639435186982e-05,0.000962056452408433,-0.000962056394200772],[-0.013839542865753174,0.013839542865753174,-0.013108464889228344,0.01310846395790577,-0.018648486584424973,0.019648490473628044,-0.004649433307349682,0.004649433307349682,-0.005753888748586178,0.0057538882829248905,0.0007438136963173747,-0.0007438138127326965,0.00025983352679759264,-0.00025983399245887995,-0.0035207730252295732,0.003520772559568286,-9.058864088729024e-05,9.058800060302019e-05,-0.0030643981881439686,0.003064397955313325,-0.0008378390921279788,0.0008378386846743524,-0.0016006416408345103,0.0016006417572498322,-0.002181926742196083,0.0021819272078573704,-0.0008516106754541397,0.0008516102680005133,-0.0004944177344441414,0.0004944176180288196,0.0022674130741506815,-0.002267413306981325,-0.0003209272981621325,0.0003209272981621325,4.7856534365564585e-05,-4.78565925732255e-05,-0.00032288857619278133,0.00032288857619278133,-5.781836807727814e-05,5.781842628493905e-05,0.0007800843450240791,-0.0007800844614394009,0.0015297320205718279,-0.0015297320205718279,0.0015532461693510413,-0.0015532462857663631,-0.000135072972625494,0.00013507285621017218,-0.00036378216464072466,0.00036378210643306375,0.0006586762610822916,-0.0006586762610822916,9.979552123695612e-05,-9.979581227526069e-05,-0.0009620566852390766,0.0009620568016543984],[-0.0037082566414028406,0.0037082566414028406,0.013310594484210014,-0.013310592621564865,0.00464943191036582,-0.004649433307349682,0.012435599230229855,-0.011435599997639656,0.002966776257380843,-0.0029667760245501995,-0.0013945838436484337,0.0013945838436484337,0.006217651534825563,-0.006217651069164276,0.003916333895176649,-0.003916333429515362,0.0064658960327506065,-0.0064658960327506065,0.0025042379274964333,-0.002504238160327077,-0.0007406683871522546,0.0007406686199828982,-0.0014902516268193722,0.0014902515104040504,-0.0013769924407824874,0.0013769923243671656,-0.0002323455992154777,0.0002323455410078168,0.0010430685942992568,-0.0010430685942992568,-0.0018059369176626205,0.0018059368012472987,0.0003728097362909466,-0.0003728097944986075,-0.0009266759152524173,0.0009266759152524173,-0.000570385018363595,0.000570385018363595,0.00044526017154566944,-0.0004452602588571608,0.00013617286458611488,-0.00013617289368994534,-0.00022542470833286643,0.00022542470833286643,0.0006365208537317812,-0.0006365207955241203,0.0004584084381349385,-0.00045840832171961665,-0.0005203653709031641,0.0005203653709031641,-0.00010591495083644986,0.00010591495083644986,-0.00022329241619445384,0.00022329231433104724,0.0009670620784163475,-0.0009670618455857038],[0.0037082566414028406,-0.0037082566414028406,-0.013310592621564865,0.013310592621564865,-0.00464943191036582,0.004649433307349682,-0.011435599997639656,0.012435599230229855,-0.002966776257380843,0.0029667760245501995,0.0013945838436484337,-0.0013945838436484337,-0.006217651534825563,0.006217651069164276,-0.003916333895176649,0.003916333429515362,-0.0064658960327506065,0.0064658960327506065,-0.0025042379274964333,0.002504238160327077,0.0007406683871522546,-0.0007406686199828982,0.0014902516268193722,-0.0014902515104040504,0.0013769924407824874,-0.0013769923243671656,0.0002323455992154777,-0.0002323455410078168,-0.0010430685942992568,0.0010430685942992568,0.0018059369176626205,-0.0018059368012472987,-0.0003728097362909466,0.0003728097944986075,0.0009266759152524173,-0.0009266759152524173,0.000570385018363595,-0.000570385018363595,-0.00044526017154566944,0.0004452602588571608,-0.00013617286458611488,0.00013617289368994534,0.00022542470833286643,-0.00022542470833286643,-0.0006365208537317812,0.0006365207955241203,-0.0004584084381349385,0.00045840832171961665,0.0005203653709031641,-0.0005203653709031641,0.00010591495083644986,-0.00010591495083644986,0.00022329241619445384,-0.00022329231433104724,-0.0009670620784163475,0.0009670618455857038],[0.00036707648541778326,-0.00036707648541778326,-0.010918053798377514,0.010918054729700089,0.005753888748586178,-0.005753888748586178,0.002966776257380843,-0.002966776257380843,0.01473972201347351,-0.013739719986915588,0.0017213043756783009,-0.00172130367718637,0.0031788847409188747,-0.0031788847409188747,0.0032947147265076637,-0.0032947142608463764,0.010345909744501114,-0.010345909744501114,-0.00284564308822155,0.00284564308822155,-0.00010919600026682019,0.00010919594205915928,0.0007599045638926327,-0.00075990438926965,-0.00403231754899025,0.00403231754899025,0.0002522819268051535,-0.0002522817812860012,0.0005111935315653682,-0.0005111934733577073,-0.003276387695223093,0.003276387695223093,-0.0004980192752555013,0.0004980193334631622,-0.00044801749754697084,0.00044801755575463176,-0.0006342148990370333,0.0006342148990370333,-5.4994074162095785e-05,5.499395774677396e-05,-0.0016253454377874732,0.0016253454377874732,-0.0004168300365563482,0.0004168300365563482,0.0003609191335272044,-0.0003609191335272044,0.00010060369095299393,-0.00010060369095299393,1.8924300093203783e-05,-1.8924358300864697e-05,0.00044313911348581314,-0.0004431390843819827,-0.0011639673030003905,0.0011639673030003905,0.0015510362572968006,-0.0015510362572968006],[-0.0003670775331556797,0.0003670775331556797,0.01091805286705494,-0.010918053798377514,-0.005753888748586178,0.0057538882829248905,-0.0029667760245501995,0.0029667760245501995,-0.013739719986915588,0.014739720150828362,-0.0017213046085089445,0.001721304259262979,-0.0031788847409188747,0.0031788847409188747,-0.003294713795185089,0.003294713795185089,-0.010345911607146263,0.010345911607146263,0.0028456426225602627,-0.002845642389729619,0.00010919582564383745,-0.00010919582564383745,-0.00075990502955392,0.0007599048549309373,0.004032318014651537,-0.004032318014651537,-0.0002522811118979007,0.0002522809663787484,-0.0005111938226036727,0.0005111937643960118,0.0032763879280537367,-0.0032763881608843803,0.0004980189260095358,-0.0004980189260095358,0.00044801749754697084,-0.00044801755575463176,0.0006342144915834069,-0.0006342144915834069,5.4993724916130304e-05,-5.499357939697802e-05,0.0016253453213721514,-0.0016253453213721514,0.00041682994924485683,-0.0004168298910371959,-0.0003609198611229658,0.0003609198029153049,-0.0001006035745376721,0.00010060354543384165,-1.8924372852779925e-05,1.8924372852779925e-05,-0.00044313905527815223,0.00044313905527815223,0.0011639670701697469,-0.0011639671865850687,-0.001551036722958088,0.001551036606542766],[0.0007117294007912278,-0.0007117294007912278,0.0042524985037744045,-0.0042524999007582664,-0.0007438126485794783,0.0007438136963173747,-0.0013945838436484337,0.0013945838436484337,0.0017213043756783009,-0.0017213046085089445,0.006362511310726404,-0.005362509749829769,-0.0003388956538401544,0.00033889562473632395,0.000590723822824657,-0.000590723822824657,0.0016195179196074605,-0.0016195179196074605,0.00029089435702189803,-0.0002908942406065762,0.0028284452855587006,-0.0028284448198974133,0.0013303395826369524,-0.0013303399318829179,0.0017436840571463108,-0.0017436840571463108,-0.0012672123266384006,0.001267212093807757,0.0020136742386966944,-0.0020136742386966944,0.001761667663231492,-0.001761667663231492,0.001231551868841052,-0.001231551868841052,0.0012096017599105835,-0.0012096017599105835,0.0009180527413263917,-0.0009180527995340526,0.0010058853076770902,-0.0010058851912617683,0.0005032186163589358,-0.0005032187327742577,0.0002261727349832654,-0.00022617270587943494,0.00017426893464289606,-0.00017426897829864174,0.0007164003327488899,-0.0007164003327488899,0.0006085776258260012,-0.0006085776258260012,-0.00011335207818774506,0.00011335207818774506,-0.0004595586797222495,0.00045955870882607996,-0.0007534016622230411,0.0007534017786383629],[-0.0007117275381460786,0.0007117275381460786,-0.0042524985037744045,0.0042524985037744045,0.0007438136963173747,-0.0007438138127326965,0.0013945838436484337,-0.0013945838436484337,-0.00172130367718637,0.001721304259262979,-0.005362509749829769,0.006362510845065117,0.0003388957120478153,-0.0003388957411516458,-0.0005907235899940133,0.0005907235899940133,-0.0016195174539461732,0.0016195174539461732,-0.000290893716737628,0.00029089348390698433,-0.002828445052728057,0.002828444354236126,-0.0013303394662216306,0.0013303393498063087,-0.0017436837079003453,0.0017436835914850235,0.001267211977392435,-0.001267211977392435,-0.0020136740058660507,0.0020136740058660507,-0.0017616675468161702,0.001761667663231492,-0.001231551868841052,0.0012315519852563739,-0.0012096016434952617,0.0012096015270799398,-0.0009180527995340526,0.0009180528577417135,-0.0010058851912617683,0.0010058851912617683,-0.0005032188491895795,0.0005032188491895795,-0.0002261727931909263,0.0002261727931909263,-0.00017426913836970925,0.00017426909471396357,-0.0007164002163335681,0.000716400274541229,-0.0006085776840336621,0.0006085776840336621,0.0001133519908762537,-0.00011335196177242324,0.00045955798123031855,-0.000459558010334149,0.0007534011965617537,-0.0007534012547694147],[-0.0028696106746792793,0.0028696106746792793,0.00028773496160283685,-0.0002877350780181587,-0.000259833293966949,0.00025983352679759264,0.006217651534825563,-0.006217651534825563,0.0031788847409188747,-0.0031788847409188747,-0.0003388956538401544,0.0003388957120478153,0.011379530653357506,-0.010379531420767307,0.0030608349479734898,-0.0030608349479734898,0.0020224524196237326,-0.0020224524196237326,0.002639738842844963,-0.0026397386100143194,-0.0012499454896897078,0.0012499456061050296,0.0009385523153468966,-0.0009385523153468966,-0.0008397615747526288,0.000839761458337307,-0.0013910233974456787,0.0013910235138610005,-0.0002940268605016172,0.000294026976916939,0.0014304094947874546,-0.0014304094947874546,-0.0007533488096669316,0.0007533486932516098,-0.00044857265311293304,0.0004485726822167635,0.0005587240448221564,-0.0005587240448221564,-0.0001326016354141757,0.00013260160631034523,-0.0008456897339783609,0.0008456897339783609,0.0018895992543548346,-0.0018895992543548346,0.0007328747888095677,-0.0007328748470172286,-0.00028908115928061306,0.000289081217488274,-0.00028684266726486385,0.00028684266726486385,0.00043898102012462914,-0.0004389809619169682,0.0011520085390657187,-0.0011520085390657187,0.001917910878546536,-0.001917910878546536],[0.002869610907509923,-0.002869610907509923,-0.0002877348742913455,0.0002877347287721932,0.000259833293966949,-0.00025983399245887995,-0.006217651069164276,0.006217651069164276,-0.0031788847409188747,0.0031788847409188747,0.00033889562473632395,-0.0003388957411516458,-0.010379531420767307,0.011379532516002655,-0.0030608358792960644,0.0030608358792960644,-0.002022453350946307,0.002022453350946307,-0.0026397393085062504,0.002639738842844963,0.0012499454896897078,-0.0012499451404437423,-0.0009385517914779484,0.0009385518496856093,0.0008397608762606978,-0.0008397606434300542,0.0013910221168771386,-0.0013910222332924604,0.0002940271224360913,-0.0002940272679552436,-0.0014304090291261673,0.0014304090291261673,0.0007533488096669316,-0.0007533486932516098,0.0004485728277359158,-0.0004485727986320853,-0.0005587241612374783,0.0005587241612374783,0.00013260160631034523,-0.00013260157720651478,0.0008456896175630391,-0.0008456896175630391,-0.0018895994871854782,0.0018895994871854782,-0.0007328749052248895,0.0007328748470172286,0.0002890810137614608,-0.00028908104286529124,0.0002868428418878466,-0.0002868428418878466,-0.00043898055446334183,0.0004389805835671723,-0.0011520085390657187,0.0011520086554810405,-0.0019179109949618578,0.0019179109949618578],[-0.006871834397315979,0.006871834397315979,0.007308358792215586,-0.0073083569295704365,0.003520773723721504,-0.0035207730252295732,0.003916333895176649,-0.003916333895176649,0.0032947147265076637,-0.003294713795185089,0.000590723822824657,-0.0005907235899940133,0.0030608349479734898,-0.0030608358792960644,0.01237446442246437,-0.011374463327229023,0.003543917089700699,-0.003543917089700699,0.002674005925655365,-0.002674005925655365,-0.0011104927398264408,0.0011104925069957972,0.0014166870387271047,-0.0014166871551424265,-0.000940235797315836,0.0009402356809005141,-0.00013943243538960814,0.00013943278463557363,-0.0008963280124589801,0.0008963281288743019,0.0001445101952413097,-0.0001445102388970554,-0.0006099657039158046,0.0006099658203311265,-0.0005291674751788378,0.000529167358763516,0.000715503585524857,-0.000715503643732518,-0.0006510133389383554,0.0006510133389383554,-5.109691119287163e-05,5.109701305627823e-05,-0.0007736058323644102,0.0007736058323644102,-0.0006544734351336956,0.0006544734351336956,-0.00023330831027124077,0.00023330844123847783,-0.000244814989855513,0.0002448151062708348,-0.00037654145853593946,0.000376541429432109,-0.0012012795777991414,0.0012012794613838196,0.0005482861306518316,-0.0005482861306518316],[0.006871834397315979,-0.006871834397315979,-0.007308358326554298,0.007308357395231724,-0.003520773956552148,0.003520772559568286,-0.003916333429515362,0.003916333429515362,-0.0032947142608463764,0.003294713795185089,-0.000590723822824657,0.0005907235899940133,-0.0030608349479734898,0.0030608358792960644,-0.011374463327229023,0.012374462559819221,-0.0035439166240394115,0.0035439161583781242,-0.0026740047615021467,0.0026740047615021467,0.0011104928562417626,-0.0011104928562417626,-0.0014166866894811392,0.0014166866894811392,0.0009402353898622096,-0.0009402353316545486,0.000139431853312999,-0.0001394322607666254,0.0008963283034972847,-0.0008963283617049456,-0.00014451036986429244,0.0001445102971047163,0.0006099660531617701,-0.0006099662277847528,0.0005291671259328723,-0.0005291671259328723,-0.0007155035273171961,0.000715503643732518,0.0006510133389383554,-0.0006510132807306945,5.1096678362227976e-05,-5.1096780225634575e-05,0.0007736058323644102,-0.0007736058323644102,0.0006544737843796611,-0.0006544737843796611,0.0002333086304133758,-0.00023330870317295194,0.00024481481523253024,-0.0002448148443363607,0.00037654134212061763,-0.00037654134212061763,0.001201279228553176,-0.001201279228553176,-0.0005482860142365098,0.0005482860724441707],[0.007840782403945923,-0.007840782403945923,0.0010828850790858269,-0.0010828848462551832,9.058928117156029e-05,-9.058864088729024e-05,0.0064658960327506065,-0.0064658960327506065,0.010345909744501114,-0.010345911607146263,0.0016195179196074605,-0.0016195174539461732,0.0020224524196237326,-0.002022453350946307,0.003543917089700699,-0.0035439166240394115,0.013916854746639729,-0.01291685737669468,0.004695121198892593,-0.004695121198892593,-0.002934799762442708,0.0029347995296120644,-0.0011446422431617975,0.0011446424759924412,-0.0018259090138599277,0.0018259086646139622,-0.003695881459861994,0.003695881459861994,-0.0007788680959492922,0.0007788679795339704,0.0004628456081263721,-0.00046284537529572845,-0.0006132909329608083,0.0006132907001301646,-0.0005159720312803984,0.0005159720312803984,0.0014290950493887067,-0.0014290950493887067,-0.000762928684707731,0.0007629285682924092,-0.0008278514142148197,0.0008278514724224806,0.0007024144288152456,-0.0007024144288152456,-0.00030170995160005987,0.0003017099807038903,-0.000170744868228212,0.0001707450282992795,-0.00024408713215962052,0.00024408689932897687,0.0012138707097619772,-0.0012138707097619772,-0.0006853753584437072,0.0006853751838207245,0.00046801689313724637,-0.00046801689313724637],[-0.007840782403945923,0.007840782403945923,-0.0010828848462551832,0.0010828848462551832,-9.058852447196841e-05,9.058800060302019e-05,-0.0064658960327506065,0.0064658960327506065,-0.010345909744501114,0.010345911607146263,-0.0016195179196074605,0.0016195174539461732,-0.0020224524196237326,0.002022453350946307,-0.003543917089700699,0.0035439161583781242,-0.01291685737669468,0.013916853815317154,-0.004695120267570019,0.004695120267570019,0.002934800460934639,-0.0029348006937652826,0.001144641893915832,-0.0011446421267464757,0.0018259097123518586,-0.0018259093631058931,0.003695880761370063,-0.00369588122703135,0.0007788682705722749,-0.0007788686198182404,-0.00046284630661830306,0.00046284619020298123,0.0006132908165454865,-0.0006132909329608083,0.0005159715656191111,-0.0005159717984497547,-0.0014290952822193503,0.0014290952822193503,0.0007629285682924092,-0.0007629285682924092,0.0008278512395918369,-0.000827851181384176,-0.0007024143123999238,0.0007024143123999238,0.0003017103881575167,-0.00030171050457283854,0.0001707447081571445,-0.00017074475181289017,0.0002440870157442987,-0.0002440870157442987,-0.0012138709425926208,0.0012138709425926208,0.0006853751838207245,-0.0006853751256130636,-0.0004680173587985337,0.0004680173587985337],[0.007842574268579483,-0.007842574268579483,-0.0015880442224442959,0.0015880452701821923,0.003064398653805256,-0.0030643981881439686,0.0025042379274964333,-0.0025042379274964333,-0.00284564308822155,0.0028456426225602627,0.00029089435702189803,-0.000290893716737628,0.002639738842844963,-0.0026397393085062504,0.002674005925655365,-0.0026740047615021467,0.004695121198892593,-0.004695120267570019,0.014207911677658558,-0.01320791244506836,0.000925251399166882,-0.000925251399166882,0.002678270684555173,-0.002678270684555173,0.0010172853944823146,-0.0010172856273129582,-0.0005678143352270126,0.0005678143352270126,0.0009342099074274302,-0.0009342099074274302,-6.157014286145568e-05,6.157017196528614e-05,0.0003406373143661767,-0.00034063737257383764,0.0001704706228338182,-0.0001704706228338182,-0.0009817449608817697,0.0009817449608817697,0.0004588456067722291,-0.00045884563587605953,0.00017741863848641515,-0.00017741859483066946,0.00038040964864194393,-0.0003804096777457744,-0.00047580996761098504,0.00047580996761098504,0.0004965721745975316,-0.0004965721745975316,0.0003940036694984883,-0.0003940036112908274,0.0005194414407014847,-0.0005194414407014847,0.00031690055038779974,-0.00031690066680312157,0.0005134654347784817,-0.0005134654929861426],[-0.007842574268579483,0.007842574268579483,0.0015880442224442959,-0.001588045503012836,-0.0030643984209746122,0.003064397955313325,-0.002504238160327077,0.002504238160327077,0.00284564308822155,-0.002845642389729619,-0.0002908942406065762,0.00029089348390698433,-0.0026397386100143194,0.002639738842844963,-0.002674005925655365,0.0026740047615021467,-0.004695121198892593,0.004695120267570019,-0.01320791244506836,0.014207914471626282,-0.000925251399166882,0.0009252516319975257,-0.0026782709173858166,0.002678270684555173,-0.0010172856273129582,0.0010172860929742455,0.0005678140441887081,-0.0005678138695657253,-0.0009342102566733956,0.0009342102566733956,6.157014286145568e-05,-6.157017196528614e-05,-0.00034063708153553307,0.00034063708153553307,-0.00017047039000317454,0.000170470419107005,0.0009817451937124133,-0.0009817451937124133,-0.0004588456067722291,0.0004588456067722291,-0.00017741828924044967,0.00017741827468853444,-0.00038040964864194393,0.0003804096195381135,0.0004758101131301373,-0.00047581008402630687,-0.0004965721745975316,0.0004965721745975316,-0.0003940035530831665,0.000394003523979336,-0.0005194413242861629,0.0005194413242861629,-0.000316900695906952,0.0003169008414261043,-0.000513465260155499,0.0005134653765708208],[-0.0010216169757768512,0.0010216169757768512,0.0011619862634688616,-0.0011619855649769306,0.0008378394413739443,-0.0008378390921279788,-0.0007406683871522546,0.0007406683871522546,-0.00010919600026682019,0.00010919582564383745,0.0028284452855587006,-0.002828445052728057,-0.0012499454896897078,0.0012499454896897078,-0.0011104927398264408,0.0011104928562417626,-0.002934799762442708,0.002934800460934639,0.000925251399166882,-0.000925251399166882,0.005618774797767401,-0.004618772305548191,0.0025268131867051125,-0.0025268131867051125,0.001007045735605061,-0.0010070456191897392,5.442061956273392e-05,-5.442065594252199e-05,0.0011060695396736264,-0.0011060696560889482,0.0011298831086605787,-0.0011298832250759006,0.0006131798727437854,-0.0006131798727437854,0.0008678553276695311,-0.0008678553276695311,0.000728304497897625,-0.0007283045561052859,0.00045461003901436925,-0.00045461003901436925,0.0006525437929667532,-0.0006525437929667532,-0.00030423549469560385,0.0003042354655917734,0.0003535182913765311,-0.0003535182913765311,0.0003770143666770309,-0.0003770143666770309,0.0004942017258144915,-0.0004942017258144915,9.230876457877457e-05,-9.230876457877457e-05,-0.0003039534203708172,0.00030395339126698673,-0.00016749122005421668,0.00016749122005421668],[0.001021617092192173,-0.001021617092192173,-0.001161984633654356,0.0011619838187471032,-0.0008378390921279788,0.0008378386846743524,0.0007406686199828982,-0.0007406686199828982,0.00010919594205915928,-0.00010919582564383745,-0.0028284448198974133,0.002828444354236126,0.0012499456061050296,-0.0012499451404437423,0.0011104925069957972,-0.0011104928562417626,0.0029347995296120644,-0.0029348006937652826,-0.000925251399166882,0.0009252516319975257,-0.004618772305548191,0.0056187743321061134,-0.002526812255382538,0.002526812255382538,-0.00100704503711313,0.001007045153528452,-5.442055407911539e-05,5.4420699598267674e-05,-0.0011060693068429828,0.0011060693068429828,-0.0011298824101686478,0.0011298825265839696,-0.0006131795234978199,0.0006131795234978199,-0.0008678549784235656,0.0008678549784235656,-0.0007283042068593204,0.0007283043232746422,-0.0004546097479760647,0.0004546097188722342,-0.000652543269097805,0.000652543269097805,0.000304235378280282,-0.0003042354073841125,-0.00035351846599951386,0.00035351834958419204,-0.0003770141629502177,0.0003770141629502177,-0.0004942017258144915,0.0004942017258144915,-9.230888827005401e-05,9.230888827005401e-05,0.00030395310022868216,-0.00030395310022868216,0.00016749116184655577,-0.00016749116184655577],[-0.005497104488313198,0.005497104488313198,-0.007267267908900976,0.0072672669775784016,0.0016006419900804758,-0.0016006416408345103,-0.0014902516268193722,0.0014902516268193722,0.0007599045638926327,-0.00075990502955392,0.0013303395826369524,-0.0013303394662216306,0.0009385523153468966,-0.0009385517914779484,0.0014166870387271047,-0.0014166866894811392,-0.0011446422431617975,0.001144641893915832,0.002678270684555173,-0.0026782709173858166,0.0025268131867051125,-0.002526812255382538,0.009084904566407204,-0.00808490626513958,0.000935127551201731,-0.0009351274347864091,0.0001565927523188293,-0.00015659298514947295,0.001262705191038549,-0.0012627053074538708,0.0005751631688326597,-0.0005751632852479815,0.0005118864355608821,-0.0005118864355608821,-0.00041428604163229465,0.00041428604163229465,0.0007373213302344084,-0.0007373214466497302,0.0004838040331378579,-0.00048380406224168837,-8.870469173416495e-06,8.870498277246952e-06,-0.0008414440089836717,0.0008414438925683498,-0.00029665837064385414,0.00029665837064385414,0.0006530873943120241,-0.0006530873943120241,-0.0002681173791643232,0.00026811735006049275,0.00030178308952599764,-0.00030178314773365855,-0.00021639146143570542,0.00021639138867612928,0.0007975127082318068,-0.0007975127082318068],[0.005497104488313198,-0.005497104488313198,0.007267267908900976,-0.007267267908900976,-0.0016006419900804758,0.0016006417572498322,0.0014902515104040504,-0.0014902515104040504,-0.00075990438926965,0.0007599048549309373,-0.0013303399318829179,0.0013303393498063087,-0.0009385523153468966,0.0009385518496856093,-0.0014166871551424265,0.0014166866894811392,0.0011446424759924412,-0.0011446421267464757,-0.002678270684555173,0.002678270684555173,-0.0025268131867051125,0.002526812255382538,-0.00808490626513958,0.009084907360374928,-0.0009351274347864091,0.0009351274347864091,-0.00015659269411116838,0.0001565928105264902,-0.0012627055402845144,0.0012627055402845144,-0.0005751628777943552,0.0005751628195866942,-0.0005118866101838648,0.0005118866101838648,0.0004142860707361251,-0.0004142860707361251,-0.0007373213302344084,0.0007373213884420693,-0.0004838040331378579,0.0004838040331378579,8.870920282788575e-06,-8.870920282788575e-06,0.0008414439507760108,-0.0008414438925683498,0.0002966589527204633,-0.0002966589527204633,-0.0006530873943120241,0.0006530873943120241,0.00026811729185283184,-0.0002681172627490014,-0.0003017832641489804,0.0003017832641489804,0.00021639157785102725,-0.00021639153419528157,-0.0007975125918164849,0.0007975124754011631],[0.0024558906443417072,-0.0024558906443417072,-0.0013235154328867793,0.001323516247794032,0.002181928139179945,-0.002181926742196083,-0.0013769924407824874,0.0013769924407824874,-0.00403231754899025,0.004032318014651537,0.0017436840571463108,-0.0017436837079003453,-0.0008397615747526288,0.0008397608762606978,-0.000940235797315836,0.0009402353898622096,-0.0018259090138599277,0.0018259097123518586,0.0010172853944823146,-0.0010172856273129582,0.001007045735605061,-0.00100704503711313,0.000935127551201731,-0.0009351274347864091,0.01224583387374878,-0.011245831847190857,-0.0012476525735110044,0.0012476525735110044,0.001042498042806983,-0.001042498042806983,0.0012676831101998687,-0.0012676832266151905,0.0004382520273793489,-0.0004382519982755184,-3.343578282510862e-05,3.34358264808543e-05,-0.00034846560447476804,0.00034846560447476804,0.0003302915138192475,-0.00033029145561158657,0.0009112174739129841,-0.0009112173574976623,-0.00024050130741670728,0.00024050130741670728,-0.000431700173066929,0.00043170020217075944,0.0002680210454855114,-0.00026802110369317234,0.00029300377354957163,-0.00029300383175723255,-0.00017747182573657483,0.00017747184028849006,-0.00013207441952545196,0.0001320743904216215,-0.0003597161849029362,0.0003597162140067667],[-0.0024558911100029945,0.0024558911100029945,0.0013235150836408138,-0.001323515665717423,-0.0021819290705025196,0.0021819272078573704,0.0013769923243671656,-0.0013769923243671656,0.00403231754899025,-0.004032318014651537,-0.0017436840571463108,0.0017436835914850235,0.000839761458337307,-0.0008397606434300542,0.0009402356809005141,-0.0009402353316545486,0.0018259086646139622,-0.0018259093631058931,-0.0010172856273129582,0.0010172860929742455,-0.0010070456191897392,0.001007045153528452,-0.0009351274347864091,0.0009351274347864091,-0.011245831847190857,0.012245832942426205,0.001247652224265039,-0.001247652224265039,-0.0010424978099763393,0.0010424979263916612,-0.001267683575861156,0.0012676834594458342,-0.00043825217289850116,0.0004382522020023316,3.343578282510862e-05,-3.34358264808543e-05,0.00034846586640924215,-0.00034846586640924215,-0.0003302914265077561,0.00033029139740392566,-0.0009112172992900014,0.0009112172410823405,0.00024050133652053773,-0.00024050133652053773,0.0004317006387282163,-0.00043170066783204675,-0.0002680209290701896,0.0002680210745893419,-0.0002930039190687239,0.000293003860861063,0.00017747204401530325,-0.00017747204401530325,0.00013207444862928241,-0.00013207441952545196,0.0003597160684876144,-0.00035971615579910576],[-0.0027892664074897766,0.0027892664074897766,0.0010191274341195822,-0.001019128249026835,0.0008516109082847834,-0.0008516106754541397,-0.0002323455992154777,0.0002323455992154777,0.0002522819268051535,-0.0002522811118979007,-0.0012672123266384006,0.001267211977392435,-0.0013910233974456787,0.0013910221168771386,-0.00013943243538960814,0.000139431853312999,-0.003695881459861994,0.003695880761370063,-0.0005678143352270126,0.0005678140441887081,5.442061956273392e-05,-5.442055407911539e-05,0.0001565927523188293,-0.00015659269411116838,-0.0012476525735110044,0.001247652224265039,0.008737651631236076,-0.007737651467323303,0.0011845529079437256,-0.0011845530243590474,0.00023366209643427283,-0.00023366215464193374,0.00023280715686269104,-0.0002328071277588606,0.0010598368244245648,-0.0010598368244245648,-0.0003404022427275777,0.0003404022427275777,0.00044351042015478015,-0.0004435103328432888,-0.00026158842956647277,0.00026158837135881186,-0.00045126170152798295,0.00045126170152798295,-0.0003036492853425443,0.00030364925623871386,0.00019345380133017898,-0.00019345384498592466,0.0005411732126958668,-0.0005411731544882059,-0.00039383300463669,0.0003938330337405205,-0.0010155384661629796,0.0010155384661629796,-0.0014468529261648655,0.0014468530425801873],[0.0027892659418284893,-0.0027892659418284893,-0.0010191276669502258,0.0010191281326115131,-0.0008516103844158351,0.0008516102680005133,0.0002323455410078168,-0.0002323455410078168,-0.0002522817812860012,0.0002522809663787484,0.001267212093807757,-0.001267211977392435,0.0013910235138610005,-0.0013910222332924604,0.00013943278463557363,-0.0001394322607666254,0.003695881459861994,-0.00369588122703135,0.0005678143352270126,-0.0005678138695657253,-5.442065594252199e-05,5.4420699598267674e-05,-0.00015659298514947295,0.0001565928105264902,0.0012476525735110044,-0.001247652224265039,-0.007737651467323303,0.008737652562558651,-0.0011845529079437256,0.0011845530243590474,-0.00023366183449979872,0.00023366189270745963,-0.00023280721507035196,0.0002328071859665215,-0.0010598365915939212,0.001059836708009243,0.00034040145692415535,-0.0003404014860279858,-0.00044350995449349284,0.00044350989628583193,0.0002615886041894555,-0.0002615885459817946,0.0004512617888394743,-0.00045126175973564386,0.00030364940175786614,-0.0003036493726540357,-0.00019345374312251806,0.00019345377222634852,-0.0005411731544882059,0.0005411731544882059,0.00039383271359838545,-0.0003938327427022159,0.0010155380005016923,-0.0010155380005016923,0.0014468522276729345,-0.0014468523440882564],[0.0024629011750221252,-0.0024629011750221252,0.0017357543110847473,-0.0017357559408992529,0.0004944178508594632,-0.0004944177344441414,0.0010430685942992568,-0.0010430685942992568,0.0005111935315653682,-0.0005111938226036727,0.0020136742386966944,-0.0020136740058660507,-0.0002940268605016172,0.0002940271224360913,-0.0008963280124589801,0.0008963283034972847,-0.0007788680959492922,0.0007788682705722749,0.0009342099074274302,-0.0009342102566733956,0.0011060695396736264,-0.0011060693068429828,0.001262705191038549,-0.0012627055402845144,0.001042498042806983,-0.0010424978099763393,0.0011845529079437256,-0.0011845529079437256,0.0034134353045374155,-0.0024134344421327114,0.0018526067724451423,-0.001852607005275786,0.0012741941027343273,-0.0012741941027343273,0.0014588161138817668,-0.0014588161138817668,-6.458061398006976e-05,6.458067218773067e-05,0.0010762589517980814,-0.0010762589517980814,0.0006387534085661173,-0.0006387534667737782,0.0011414892505854368,-0.001141489134170115,-2.2649590391665697e-05,2.2649590391665697e-05,0.0008499040850438178,-0.0008499041432514787,0.0009298704680986702,-0.0009298705263063312,0.00046140330960042775,-0.0004614032804965973,0.0001682828296907246,-0.0001682828733464703,2.125385799445212e-05,-2.1253828890621662e-05],[-0.002462900709360838,0.002462900709360838,-0.0017357540782541037,0.0017357555916532874,-0.0004944175016134977,0.0004944176180288196,-0.0010430685942992568,0.0010430685942992568,-0.0005111934733577073,0.0005111937643960118,-0.0020136742386966944,0.0020136740058660507,0.000294026976916939,-0.0002940272679552436,0.0008963281288743019,-0.0008963283617049456,0.0007788679795339704,-0.0007788686198182404,-0.0009342099074274302,0.0009342102566733956,-0.0011060696560889482,0.0011060693068429828,-0.0012627053074538708,0.0012627055402845144,-0.001042498042806983,0.0010424979263916612,-0.0011845530243590474,0.0011845530243590474,-0.0024134344421327114,0.003413435071706772,-0.0018526064231991768,0.0018526064231991768,-0.0012741941027343273,0.0012741941027343273,-0.001458815997466445,0.001458815997466445,6.458113784901798e-05,-6.458113784901798e-05,-0.0010762589517980814,0.0010762589517980814,-0.0006387534667737782,0.0006387534667737782,-0.0011414890177547932,0.0011414890177547932,2.264982322230935e-05,-2.264982322230935e-05,-0.0008499041432514787,0.0008499041432514787,-0.0009298704680986702,0.0009298704680986702,-0.00046140330960042775,0.0004614032804965973,-0.00016828262596391141,0.00016828264051582664,-2.1253523300401866e-05,2.125349419657141e-05],[-0.0024130670353770256,0.0024130670353770256,0.0031120318453758955,-0.003112032078206539,-0.002267413306981325,0.0022674130741506815,-0.0018059369176626205,0.0018059369176626205,-0.003276387695223093,0.0032763879280537367,0.001761667663231492,-0.0017616675468161702,0.0014304094947874546,-0.0014304090291261673,0.0001445101952413097,-0.00014451036986429244,0.0004628456081263721,-0.00046284630661830306,-6.157014286145568e-05,6.157014286145568e-05,0.0011298831086605787,-0.0011298824101686478,0.0005751631688326597,-0.0005751628777943552,0.0012676831101998687,-0.001267683575861156,0.00023366209643427283,-0.00023366183449979872,0.0018526067724451423,-0.0018526064231991768,0.004784735850989819,-0.0037847342900931835,0.0008287153905257583,-0.0008287153905257583,0.0012710149167105556,-0.0012710149167105556,0.001866541220806539,-0.0018665411043912172,0.0006828557816334069,-0.000682855723425746,0.0010665332665666938,-0.0010665332665666938,0.002321544336155057,-0.002321544336155057,0.00040781759889796376,-0.00040781759889796376,0.0004494739114306867,-0.0004494739114306867,0.0006476468406617641,-0.0006476468406617641,0.002015075646340847,-0.002015075646340847,0.0008182630990631878,-0.0008182631572708488,-0.0003266521089244634,0.0003266520507168025],[0.0024130670353770256,-0.0024130670353770256,-0.003112031612545252,0.003112032078206539,0.002267413306981325,-0.002267413306981325,0.0018059368012472987,-0.0018059368012472987,0.003276387695223093,-0.0032763881608843803,-0.001761667663231492,0.001761667663231492,-0.0014304094947874546,0.0014304090291261673,-0.0001445102388970554,0.0001445102971047163,-0.00046284537529572845,0.00046284619020298123,6.157017196528614e-05,-6.157017196528614e-05,-0.0011298832250759006,0.0011298825265839696,-0.0005751632852479815,0.0005751628195866942,-0.0012676832266151905,0.0012676834594458342,-0.00023366215464193374,0.00023366189270745963,-0.001852607005275786,0.0018526064231991768,-0.0037847342900931835,0.004784733988344669,-0.0008287152741104364,0.0008287153323180974,-0.0012710150331258774,0.0012710150331258774,-0.0018665411043912172,0.0018665409879758954,-0.0006828556070104241,0.0006828556070104241,-0.0010665332665666938,0.0010665332665666938,-0.0023215445689857006,0.002321544336155057,-0.0004078178317286074,0.0004078178317286074,-0.0004494739696383476,0.0004494739696383476,-0.0006476467824541032,0.000647646