{"epoch":0,"H":[[0.046097733080387115,-0.04509773477911949,0.009836279787123203,-0.009836279787123203,0.01139517966657877,-0.01139517966657877,0.004085804335772991,-0.0040858048014342785,-0.0015401577111333609,0.0015401577111333609,0.002658556681126356,-0.0026585576124489307,0.004505462944507599,-0.004505463410168886,-0.0016633562045171857,0.0016633572522550821,0.0004935952601954341,-0.0004935942124575377,0.0010716645047068596,-0.0010716645047068596,0.00029508312582038343,-0.0002950832131318748,-0.0021317871287465096,0.0021317871287465096,-0.0013312018709257245,0.0013312014052644372,0.004909518640488386,-0.004909518640488386,-0.0022227794397622347,0.0022227796725928783,0.002258184365928173,-0.002258184365928173,-0.0015013928059488535,0.0015013928059488535,-0.0019942105282098055,0.001994210295379162,-0.0035857786424458027,0.0035857786424458027,-0.0010223854333162308,0.0010223854333162308,0.0006195774767547846,-0.0006195775349624455,-0.00045158990542404354,0.000451589934527874,0.0033186995424330235,-0.0033186995424330235,-0.0008090634364634752,0.0008090634946711361,-0.0012364459689706564,0.0012364459689706564,-0.0008914175559766591,0.0008914174977689981,0.0006858751876279712,-0.0006858751294203103,-0.0005003593396395445,0.0005003593396395445],[-0.04509773477911949,0.046097733080387115,-0.009836279787123203,0.009836279787123203,-0.01139517966657877,0.01139517966657877,-0.004085804335772991,0.0040858048014342785,0.0015401577111333609,-0.0015401577111333609,-0.002658556681126356,0.0026585576124489307,-0.004505462944507599,0.004505463410168886,0.0016633562045171857,-0.0016633572522550821,-0.0004935952601954341,0.0004935942124575377,-0.0010716645047068596,0.0010716645047068596,-0.00029508312582038343,0.0002950832131318748,0.0021317871287465096,-0.0021317871287465096,0.0013312018709257245,-0.0013312014052644372,-0.004909518640488386,0.004909518640488386,0.0022227794397622347,-0.0022227796725928783,-0.002258184365928173,0.002258184365928173,0.0015013928059488535,-0.0015013928059488535,0.0019942105282098055,-0.001994210295379162,0.0035857786424458027,-0.0035857786424458027,0.0010223854333162308,-0.0010223854333162308,-0.0006195774767547846,0.0006195775349624455,0.00045158990542404354,-0.000451589934527874,-0.0033186995424330235,0.0033186995424330235,0.0008090634364634752,-0.0008090634946711361,0.0012364459689706564,-0.0012364459689706564,0.0008914175559766591,-0.0008914174977689981,-0.0006858751876279712,0.0006858751294203103,0.0005003593396395445,-0.0005003593396395445],[0.009836279787123203,-0.009836279787123203,0.032488081604242325,-0.031488087028265,0.013545974157750607,-0.013545974157750607,0.009868517518043518,-0.009868517518043518,0.00407672394067049,-0.004076724406331778,0.0006393995718099177,-0.0006393998628482223,0.0013807385694235563,-0.0013807390350848436,-0.007776723708957434,0.007776725105941296,-0.00994173251092434,0.009941731579601765,0.0013009177055209875,-0.0013009179383516312,-0.0014390840660780668,0.0014390844153240323,-0.0005753557197749615,0.0005753561854362488,-0.0028369538486003876,0.0028369540814310312,0.002105012536048889,-0.002105012070387602,0.0001845775404945016,-0.00018457765690982342,0.0005904024001210928,-0.0005904024001210928,-0.00040091905975714326,0.0004009190888609737,-0.0016960020875558257,0.0016960020875558257,-0.0018948046490550041,0.0018948046490550041,0.00012694201723206788,-0.0001269420317839831,0.001701513770967722,-0.0017015138873830438,0.00044830143451690674,-0.00044830149272456765,0.0022934405133128166,-0.0022934405133128166,0.0006668274290859699,-0.000666827370878309,-0.0001621950650587678,0.0001621950650587678,-0.0017728100065141916,0.0017728098900988698,-0.0002860876265913248,0.0002860876265913248,-0.0021829912438988686,0.002182991011068225],[-0.009836279787123203,0.009836279787123203,-0.031488087028265,0.03248808532953262,-0.013545974157750607,0.013545974157750607,-0.009868517518043518,0.009868517518043518,-0.004076721612364054,0.004076722543686628,-0.0006393984658643603,0.0006393988151103258,-0.001380739500746131,0.0013807392679154873,0.007776724174618721,-0.007776724640280008,0.00994173251092434,-0.00994173251092434,-0.0013009177055209875,0.0013009179383516312,0.0014390845317393541,-0.001439084648154676,0.000575357349589467,-0.000575357349589467,0.0028369533829391003,-0.002836953615769744,-0.00210501323454082,0.0021050134673714638,-0.00018457707483321428,0.00018457707483321428,-0.000590402283705771,0.000590402283705771,0.00040091940900310874,-0.00040091946721076965,0.0016960022039711475,-0.0016960022039711475,0.0018948044162243605,-0.0018948044162243605,-0.0001269419299205765,0.00012694191536866128,-0.0017015140037983656,0.0017015140037983656,-0.00044830143451690674,0.00044830149272456765,-0.002293440280482173,0.002293440280482173,-0.0006668274290859699,0.000666827370878309,0.0001621951232664287,-0.0001621951232664287,0.001772810472175479,-0.001772810355760157,0.0002860883541870862,-0.00028608832508325577,0.0021829905454069376,-0.0021829907782375813],[0.01139517966657877,-0.01139517966657877,0.013545974157750607,-0.013545974157750607,0.01844966784119606,-0.017449667677283287,0.0006409642519429326,-0.0006409642519429326,0.007370694540441036,-0.007370694540441036,0.0011476727668195963,-0.0011476743966341019,0.0015179506735876203,-0.0015179506735876203,0.0029923703987151384,-0.0029923703987151384,-0.0017735471483319998,0.0017735473811626434,0.00040948338573798537,-0.00040948321111500263,-0.0015316143399104476,0.0015316144563257694,0.002633185125887394,-0.002633185125887394,0.00010275148088112473,-0.00010275148088112473,0.002553689293563366,-0.0025536890607327223,-0.0018177444580942392,0.0018177446909248829,0.00022933591390028596,-0.00022933597210794687,-0.0012354268692433834,0.0012354266364127398,-0.0010562175884842873,0.0010562175884842873,-0.00024200764892157167,0.00024200767802540213,-0.0007765068439766765,0.0007765069021843374,0.0006707450374960899,-0.0006707450374960899,0.0008747519459575415,-0.0008747518295422196,0.0003332370542921126,-0.0003332371124997735,-0.0005834269104525447,0.0005834269686602056,-0.0007603802951052785,0.0007603804115206003,-0.00044941261876374483,0.00044941261876374483,-0.0002529258781578392,0.00025292590726166964,-0.0008798015769571066,0.0008798015187494457],[-0.01139517966657877,0.01139517966657877,-0.013545974157750607,0.013545974157750607,-0.017449667677283287,0.01844966970384121,-0.0006409642519429326,0.0006409642519429326,-0.007370694540441036,0.007370694540441036,-0.0011476727668195963,0.0011476743966341019,-0.0015179506735876203,0.0015179506735876203,-0.0029923703987151384,0.0029923703987151384,0.0017735471483319998,-0.0017735473811626434,-0.00040948338573798537,0.00040948321111500263,0.0015316143399104476,-0.0015316144563257694,-0.002633185125887394,0.002633185125887394,-0.00010275148088112473,0.00010275148088112473,-0.002553689293563366,0.0025536890607327223,0.0018177444580942392,-0.0018177446909248829,-0.00022933591390028596,0.00022933597210794687,0.0012354268692433834,-0.0012354266364127398,0.0010562175884842873,-0.0010562175884842873,0.00024200764892157167,-0.00024200767802540213,0.0007765068439766765,-0.0007765069021843374,-0.0006707450374960899,0.0006707450374960899,-0.0008747519459575415,0.0008747518295422196,-0.0003332370542921126,0.0003332371124997735,0.0005834269104525447,-0.0005834269686602056,0.0007603802951052785,-0.0007603804115206003,0.00044941261876374483,-0.00044941261876374483,0.0002529258781578392,-0.00025292590726166964,0.0008798015769571066,-0.0008798015187494457],[0.004085804335772991,-0.004085804335772991,0.009868517518043518,-0.009868517518043518,0.0006409642519429326,-0.0006409642519429326,0.018873969092965126,-0.017873967066407204,0.0019964955281466246,-0.0019964955281466246,0.0029689548537135124,-0.0029689553193747997,0.003093819599598646,-0.0030938193667680025,0.0008030676981434226,-0.000803067407105118,-0.012159688398241997,0.012159687466919422,0.0014156479155644774,-0.001415648264810443,-0.0008525681914761662,0.0008525685407221317,-0.0025769006460905075,0.002576901111751795,0.00233593606390059,-0.00233593606390059,0.0008062965935096145,-0.0008062965935096145,0.00026377016911283135,-0.00026377005269750953,0.0008589444914832711,-0.0008589444914832711,0.0001416361628798768,-0.0001416361192241311,-0.0001765420165611431,0.0001765420165611431,-0.0010528620332479477,0.0010528619168326259,0.0003000930300913751,-0.0003000930300913751,0.0012179890181869268,-0.0012179891346022487,0.00025959324557334185,-0.00025959318736568093,-0.0002803811221383512,0.0002803811221383512,0.00014693933189846575,-0.00014693933189846575,1.4816851034993306e-05,-1.4816865586908534e-05,-0.0012303682742640376,0.0012303681578487158,-8.737421012483537e-06,8.737421012483537e-06,-0.0016550703439861536,0.0016550704604014754],[-0.0040858048014342785,0.0040858048014342785,-0.009868517518043518,0.009868517518043518,-0.0006409642519429326,0.0006409642519429326,-0.017873967066407204,0.018873965367674828,-0.0019964955281466246,0.0019964955281466246,-0.0029689548537135124,0.0029689553193747997,-0.003093819599598646,0.0030938193667680025,-0.0008030676981434226,0.000803067407105118,0.012159688398241997,-0.012159687466919422,-0.0014156479155644774,0.001415648264810443,0.0008525681914761662,-0.0008525685407221317,0.0025769006460905075,-0.002576901111751795,-0.00233593606390059,0.00233593606390059,-0.0008062965935096145,0.0008062965935096145,-0.00026377016911283135,0.00026377005269750953,-0.0008589444914832711,0.0008589444914832711,-0.0001416361628798768,0.0001416361192241311,0.0001765420165611431,-0.0001765420165611431,0.0010528620332479477,-0.0010528619168326259,-0.0003000930300913751,0.0003000930300913751,-0.0012179890181869268,0.0012179891346022487,-0.00025959324557334185,0.00025959318736568093,0.0002803811221383512,-0.0002803811221383512,-0.00014693933189846575,0.00014693933189846575,-1.4816851034993306e-05,1.4816865586908534e-05,0.0012303682742640376,-0.0012303681578487158,8.737421012483537e-06,-8.737421012483537e-06,0.0016550703439861536,-0.0016550704604014754],[-0.0015401577111333609,0.0015401577111333609,0.00407672394067049,-0.004076721612364054,0.007370694540441036,-0.007370694540441036,0.0019964955281466246,-0.0019964955281466246,0.019616195932030678,-0.018616195768117905,0.0013000152539461851,-0.0013000161852687597,0.0011026769643649459,-0.001102676847949624,0.005638853646814823,-0.005638853646814823,-0.0016365268966183066,0.0016365270130336285,0.0013468723045662045,-0.0013468721881508827,-0.0015479142311960459,0.0015479136491194367,-0.0010380405001342297,0.0010380405001342297,-0.0032401857897639275,0.003240184858441353,-0.0012695415643975139,0.001269541447982192,-0.0004822193877771497,0.00048221973702311516,-0.0017454596236348152,0.001745459740050137,-0.00039759580977261066,0.000397595576941967,-0.0003834918315988034,0.0003834918315988034,-3.3208983950316906e-05,3.3208983950316906e-05,-0.00020103855058550835,0.00020103873976040632,-0.0006494755507446826,0.0006494754925370216,0.001117974636144936,-0.001117974636144936,0.0001376485452055931,-0.0001376485452055931,-0.00018840469419956207,0.00018840446136891842,-0.0003867855994030833,0.00038678565761074424,-0.0005716838641092181,0.00057168398052454,0.00047360104508697987,-0.0004736010159831494,-0.00035338164889253676,0.00035338173620402813],[0.0015401577111333609,-0.0015401577111333609,-0.004076724406331778,0.004076722543686628,-0.007370694540441036,0.007370694540441036,-0.0019964955281466246,0.0019964955281466246,-0.018616195768117905,0.019616195932030678,-0.0013000152539461851,0.0013000161852687597,-0.0011026769643649459,0.001102676847949624,-0.005638853646814823,0.005638853646814823,0.0016365268966183066,-0.0016365270130336285,-0.0013468723045662045,0.0013468721881508827,0.0015479142311960459,-0.0015479136491194367,0.0010380405001342297,-0.0010380405001342297,0.0032401857897639275,-0.003240184858441353,0.0012695415643975139,-0.001269541447982192,0.0004822193877771497,-0.00048221973702311516,0.0017454596236348152,-0.001745459740050137,0.00039759580977261066,-0.000397595576941967,0.0003834918315988034,-0.0003834918315988034,3.3208983950316906e-05,-3.3208983950316906e-05,0.00020103855058550835,-0.00020103873976040632,0.0006494755507446826,-0.0006494754925370216,-0.001117974636144936,0.001117974636144936,-0.0001376485452055931,0.0001376485452055931,0.00018840469419956207,-0.00018840446136891842,0.0003867855994030833,-0.00038678565761074424,0.0005716838641092181,-0.00057168398052454,-0.00047360104508697987,0.0004736010159831494,0.00035338164889253676,-0.00035338173620402813],[0.002658556681126356,-0.002658556681126356,0.0006393995718099177,-0.0006393984658643603,0.0011476727668195963,-0.0011476727668195963,0.0029689548537135124,-0.0029689548537135124,0.0013000152539461851,-0.0013000152539461851,0.007763455156236887,-0.006763452664017677,0.00023015450278762728,-0.00023015447368379682,0.0009422603761777282,-0.0009422603761777282,0.0025133623275905848,-0.002513362094759941,0.0014522363198921084,-0.0014522364363074303,0.003942211624234915,-0.0039422111585736275,0.0007093624444678426,-0.0007093623862601817,-0.0015682688681408763,0.0015682687517255545,-0.000120798300486058,0.00012079824227839708,0.0011778126936405897,-0.0011778129264712334,0.0007849165704101324,-0.0007849166286177933,0.0007478612824343145,-0.0007478612242266536,0.0007636456284672022,-0.0007636456284672022,-0.0001087384152924642,0.0001087384152924642,0.0005831592716276646,-0.0005831593298353255,0.0007355979760177433,-0.0007355979178100824,-0.0003850014181807637,0.0003850014181807637,-0.0011830672156065702,0.0011830672156065702,0.0005983866285532713,-0.0005983866867609322,0.0005169869982637465,-0.0005169869982637465,-0.00045255114673636854,0.0004525511176325381,0.00025851980899460614,-0.00025851980899460614,-0.0003578251926228404,0.00035782522172667086],[-0.0026585576124489307,0.0026585576124489307,-0.0006393998628482223,0.0006393988151103258,-0.0011476743966341019,0.0011476743966341019,-0.0029689553193747997,0.0029689553193747997,-0.0013000161852687597,0.0013000161852687597,-0.006763452664017677,0.0077634546905756,-0.00023015409533400089,0.00023015412443783134,-0.000942261191084981,0.0009422610746696591,-0.0025133630260825157,0.0025133630260825157,-0.0014522371347993612,0.0014522369019687176,-0.003942212089896202,0.003942212089896202,-0.0007093625608831644,0.0007093625608831644,0.0015682695666328073,-0.0015682694502174854,0.00012079888256266713,-0.00012079870793968439,-0.0011778130428865552,0.001177813159301877,-0.0007849169196560979,0.000784916861448437,-0.0007478614570572972,0.0007478613988496363,-0.0007636456284672022,0.000763645744882524,0.00010873828432522714,-0.00010873829887714237,-0.0005831592134200037,0.0005831593298353255,-0.0007355979760177433,0.0007355979178100824,0.00038500138907693326,-0.00038500138907693326,0.0011830672156065702,-0.0011830672156065702,-0.0005983866285532713,0.0005983866285532713,-0.0005169868818484247,0.0005169868818484247,0.00045255120494402945,-0.000452551175840199,-0.00025852027465589345,0.00025852027465589345,0.0003578251926228404,-0.0003578252508305013],[0.004505462944507599,-0.004505462944507599,0.0013807385694235563,-0.001380739500746131,0.0015179506735876203,-0.0015179506735876203,0.003093819599598646,-0.003093819599598646,0.0011026769643649459,-0.0011026769643649459,0.00023015450278762728,-0.00023015409533400089,0.013755224645137787,-0.012755226343870163,0.0028136922046542168,-0.0028136922046542168,0.0005175609840080142,-0.0005175607511773705,0.0008685620850883424,-0.0008685622015036643,-0.0001901431242004037,0.000190143589861691,0.00047566855209879577,-0.00047566855209879577,0.001019215676933527,-0.0010192157933488488,0.003004466649144888,-0.003004466649144888,-0.000524027505889535,0.0005240276805125177,-1.0792107786983252e-05,1.0792107786983252e-05,-0.00037231354508548975,0.0003723134286701679,-0.0006022559246048331,0.000602256041020155,0.0002340145583730191,-0.00023401450016535819,-0.0002833134785760194,0.0002833134203683585,4.2958592530339956e-05,-4.2958592530339956e-05,2.722830686252564e-06,-2.7228452381677926e-06,-0.0006255468470044434,0.0006255468470044434,-0.0002464380522724241,0.00024643802316859365,-0.0004507081466726959,0.0004507082048803568,-0.0011672544060274959,0.0011672545224428177,0.00012678312486968935,-0.00012678312486968935,-0.0010147481225430965,0.0010147481225430965],[-0.004505463410168886,0.004505463410168886,-0.0013807390350848436,0.0013807392679154873,-0.0015179506735876203,0.0015179506735876203,-0.0030938193667680025,0.0030938193667680025,-0.001102676847949624,0.001102676847949624,-0.00023015447368379682,0.00023015412443783134,-0.012755226343870163,0.013755226507782936,-0.0028136922046542168,0.0028136922046542168,-0.0005175609840080142,0.0005175607511773705,-0.0008685620850883424,0.0008685622015036643,0.0001901431242004037,-0.000190143589861691,-0.00047566855209879577,0.00047566855209879577,-0.001019215676933527,0.0010192157933488488,-0.003004466649144888,0.003004466649144888,0.000524027505889535,-0.0005240276805125177,1.0792107786983252e-05,-1.0792107786983252e-05,0.00037231354508548975,-0.0003723134286701679,0.0006022559246048331,-0.000602256041020155,-0.0002340145583730191,0.00023401450016535819,0.0002833134785760194,-0.0002833134203683585,-4.2958592530339956e-05,4.2958592530339956e-05,-2.722830686252564e-06,2.7228452381677926e-06,0.0006255468470044434,-0.0006255468470044434,0.0002464380522724241,-0.00024643802316859365,0.0004507081466726959,-0.0004507082048803568,0.0011672544060274959,-0.0011672545224428177,-0.00012678312486968935,0.00012678312486968935,0.0010147481225430965,-0.0010147481225430965],[-0.0016633562045171857,0.0016633562045171857,-0.007776723708957434,0.007776724174618721,0.0029923703987151384,-0.0029923703987151384,0.0008030676981434226,-0.0008030676981434226,0.005638853646814823,-0.005638853646814823,0.0009422603761777282,-0.000942261191084981,0.0028136922046542168,-0.0028136922046542168,0.013676406815648079,-0.012676408514380455,0.0035561537370085716,-0.003556152805685997,-0.002723400015383959,0.0027234002482146025,-0.0005116409156471491,0.0005116414395160973,-0.00033924629678949714,0.0003392460639588535,-0.00112743373028934,0.0011274334974586964,-0.0003856678958982229,0.00038566795410588384,-0.0020107279997318983,0.0020107279997318983,-0.0005037266528233886,0.0005037265364080667,-0.0013633950147777796,0.0013633950147777796,-0.0006980541511438787,0.0006980541511438787,-0.00027177028823643923,0.00027177025913260877,-0.0009264887194149196,0.0009264887194149196,-0.0009335094364359975,0.0009335094364359975,0.00031646748539060354,-0.00031646739807911217,-0.0017100637778639793,0.0017100637778639793,-0.0008140276186168194,0.0008140276186168194,-0.0008594583487138152,0.0008594583487138152,-0.0004698517732322216,0.0004698517732322216,-0.00046901643509045243,0.00046901643509045243,0.00021742470562458038,-0.00021742473472841084],[0.0016633572522550821,-0.0016633572522550821,0.007776725105941296,-0.007776724640280008,-0.0029923703987151384,0.0029923703987151384,-0.000803067407105118,0.000803067407105118,-0.005638853646814823,0.005638853646814823,-0.0009422603761777282,0.0009422610746696591,-0.0028136922046542168,0.0028136922046542168,-0.012676408514380455,0.013676405884325504,-0.003556154202669859,0.003556154202669859,0.0027233995497226715,-0.0027233995497226715,0.0005116413813084364,-0.0005116411484777927,0.000339245714712888,-0.0003392453654669225,0.00112743373028934,-0.0011274336138740182,0.0003856673138216138,-0.0003856673138216138,0.0020107279997318983,-0.0020107277669012547,0.0005037259543314576,-0.0005037259543314576,0.0013633948983624578,-0.0013633948983624578,0.0006980542093515396,-0.0006980542093515396,0.00027177020092494786,-0.0002717701718211174,0.0009264887776225805,-0.0009264887776225805,0.0009335092036053538,-0.0009335092036053538,-0.000316467194352299,0.0003164671070408076,0.0017100642435252666,-0.0017100642435252666,0.0008140273275785148,-0.0008140273275785148,0.0008594583487138152,-0.0008594583487138152,0.0004698518314398825,-0.00046985188964754343,0.00046901602763682604,-0.00046901602763682604,-0.00021742518583778292,0.00021742514218203723],[0.0004935952601954341,-0.0004935952601954341,-0.00994173251092434,0.00994173251092434,-0.0017735471483319998,0.0017735471483319998,-0.012159688398241997,0.012159688398241997,-0.0016365268966183066,0.0016365268966183066,0.0025133623275905848,-0.0025133630260825157,0.0005175609840080142,-0.0005175609840080142,0.0035561537370085716,-0.003556154202669859,0.014181499369442463,-0.01318149920552969,0.0004997204523533583,-0.0004997203941456974,0.0009244831744581461,-0.0009244829998351634,0.0014251802349463105,-0.0014251802349463105,-0.0020349484402686357,0.002034948207437992,-0.0006520207971334457,0.0006520207971334457,0.0002693079586606473,-0.00026930798776447773,-0.0027514328248798847,0.0027514328248798847,-0.00012831167259719223,0.00012831168714910746,-0.0006433191592805088,0.0006433191010728478,0.0011099479161202908,-0.0011099479161202908,0.00013578523066826165,-0.00013578523066826165,0.00028103485237807035,-0.00028103491058573127,-0.0004190093604847789,0.0004190093604847789,-0.0022753863595426083,0.0022753863595426083,-0.00020141733693890274,0.00020141733693890274,-0.0007086448604241014,0.0007086448022164404,-0.0006834029336459935,0.0006834029336459935,-0.00046446756459772587,0.00046446756459772587,-0.0012016943655908108,0.0012016944820061326],[-0.0004935942124575377,0.0004935942124575377,0.009941731579601765,-0.00994173251092434,0.0017735473811626434,-0.0017735473811626434,0.012159687466919422,-0.012159687466919422,0.0016365270130336285,-0.0016365270130336285,-0.002513362094759941,0.0025133630260825157,-0.0005175607511773705,0.0005175607511773705,-0.003556152805685997,0.003556154202669859,-0.01318149920552969,0.014181500300765038,-0.0004997207433916628,0.0004997207433916628,-0.0009244830580428243,0.0009244827670045197,-0.0014251803513616323,0.0014251803513616323,0.002034948207437992,-0.0020349479746073484,0.0006520205643028021,-0.0006520203314721584,-0.00026930798776447773,0.0002693079295568168,0.0027514323592185974,-0.0027514323592185974,0.0001283117162529379,-0.0001283117162529379,0.0006433191010728478,-0.0006433191010728478,-0.001109947683289647,0.0011099479161202908,-0.00013578508514910936,0.00013578508514910936,-0.00028103479417040944,0.00028103485237807035,0.00041900970973074436,-0.0004190096806269139,0.0022753863595426083,-0.0022753863595426083,0.00020141727873124182,-0.00020141724962741137,0.0007086445693857968,-0.0007086445111781359,0.0006834029336459935,-0.0006834029918536544,0.00046446744818240404,-0.00046446744818240404,0.00120169494766742,-0.001201694831252098],[0.0010716645047068596,-0.0010716645047068596,0.0013009177055209875,-0.0013009177055209875,0.00040948338573798537,-0.00040948338573798537,0.0014156479155644774,-0.0014156479155644774,0.0013468723045662045,-0.0013468723045662045,0.0014522363198921084,-0.0014522371347993612,0.0008685620850883424,-0.0008685620850883424,-0.002723400015383959,0.0027233995497226715,0.0004997204523533583,-0.0004997207433916628,0.01171843707561493,-0.01071843970566988,-0.0010081081418320537,0.0010081075597554445,0.0011135776294395328,-0.0011135776294395328,0.0019369727233424783,-0.0019369728397578,0.0006245897384360433,-0.0006245900294743478,-0.0005544379237107933,0.0005544377490878105,0.0007614693604409695,-0.0007614693604409695,-4.894609446637332e-07,4.893881850875914e-07,3.6005847505293787e-05,-3.600583295337856e-05,-0.00039967900374904275,0.00039967900374904275,-0.00015336305659729987,0.0001533630129415542,-0.0001123386318795383,0.00011233861732762307,-0.0010038786567747593,0.0010038786567747593,-0.00013034723815508187,0.00013034723815508187,0.0001644241565372795,-0.0001644241565372795,3.811791248153895e-05,-3.811791248153895e-05,-0.0002701038320083171,0.00027010386111214757,-0.0004042860527988523,0.00040428602369502187,-0.0004680312122218311,0.0004680312122218311],[-0.0010716645047068596,0.0010716645047068596,-0.0013009179383516312,0.0013009179383516312,-0.00040948321111500263,0.00040948321111500263,-0.001415648264810443,0.001415648264810443,-0.0013468721881508827,0.0013468721881508827,-0.0014522364363074303,0.0014522369019687176,-0.0008685622015036643,0.0008685622015036643,0.0027234002482146025,-0.0027233995497226715,-0.0004997203941456974,0.0004997207433916628,-0.01071843970566988,0.011718438006937504,0.0010081081418320537,-0.0010081075597554445,-0.0011135776294395328,0.0011135776294395328,-0.0019369727233424783,0.0019369728397578,-0.0006245897384360433,0.0006245900294743478,0.0005544379237107933,-0.0005544377490878105,-0.0007614693604409695,0.0007614693604409695,4.894609446637332e-07,-4.893881850875914e-07,-3.6005847505293787e-05,3.600583295337856e-05,0.00039967900374904275,-0.00039967900374904275,0.00015336305659729987,-0.0001533630129415542,0.0001123386318795383,-0.00011233861732762307,0.0010038786567747593,-0.0010038786567747593,0.00013034723815508187,-0.00013034723815508187,-0.0001644241565372795,0.0001644241565372795,-3.811791248153895e-05,3.811791248153895e-05,0.0002701038320083171,-0.00027010386111214757,0.0004042860527988523,-0.00040428602369502187,0.0004680312122218311,-0.0004680312122218311],[0.00029508312582038343,-0.00029508312582038343,-0.0014390840660780668,0.0014390845317393541,-0.0015316143399104476,0.0015316143399104476,-0.0008525681914761662,0.0008525681914761662,-0.0015479142311960459,0.0015479142311960459,0.003942211624234915,-0.003942212089896202,-0.0001901431242004037,0.0001901431242004037,-0.0005116409156471491,0.0005116413813084364,0.0009244831744581461,-0.0009244830580428243,-0.0010081081418320537,0.0010081081418320537,0.008925719186663628,-0.00792571622878313,-0.0009644858655519783,0.0009644858073443174,-0.0016946616815403104,0.0016946615651249886,-0.0007639064569957554,0.0007639065152034163,0.0013723473530262709,-0.0013723475858569145,0.00023832806618884206,-0.00023832806618884206,0.0009018119890242815,-0.0009018119308166206,0.00042723672231659293,-0.00042723678052425385,0.00029444508254528046,-0.00029444508254528046,0.0005369777209125459,-0.0005369777209125459,0.0006856406107544899,-0.000685640552546829,-0.00023648579372093081,0.00023648575006518513,0.00020089784811716527,-0.0002008978626690805,0.0005187966162338853,-0.0005187966162338853,0.00044902850640937686,-0.0004490284773055464,-0.00015418433758895844,0.00015418433758895844,-0.0004109409637749195,0.0004109409637749195,-0.00019769019854720682,0.00019769019854720682],[-0.0002950832131318748,0.0002950832131318748,0.0014390844153240323,-0.001439084648154676,0.0015316144563257694,-0.0015316144563257694,0.0008525685407221317,-0.0008525685407221317,0.0015479136491194367,-0.0015479136491194367,-0.0039422111585736275,0.003942212089896202,0.000190143589861691,-0.000190143589861691,0.0005116414395160973,-0.0005116411484777927,-0.0009244829998351634,0.0009244827670045197,0.0010081075597554445,-0.0010081075597554445,-0.00792571622878313,0.008925717324018478,0.0009644862147979438,-0.0009644861565902829,0.0016946616815403104,-0.0016946615651249886,0.000763906049542129,-0.0007639061659574509,-0.0013723475858569145,0.0013723475858569145,-0.00023832812439650297,0.00023832818260416389,-0.0009018122218549252,0.0009018121636472642,-0.00042723672231659293,0.0004272367514204234,-0.00029444467509165406,0.00029444467509165406,-0.0005369778373278677,0.0005369779537431896,-0.0006856404943391681,0.0006856404943391681,0.00023648605565540493,-0.0002364860411034897,-0.00020089787722099572,0.00020089787722099572,-0.0005187966744415462,0.0005187967326492071,-0.00044902838999405503,0.0004490283317863941,0.00015418441034853458,-0.0001541844249004498,0.00041094087646342814,-0.0004109409055672586,0.00019769009668380022,-0.000197690082131885],[-0.0021317871287465096,0.0021317871287465096,-0.0005753557197749615,0.000575357349589467,0.002633185125887394,-0.002633185125887394,-0.0025769006460905075,0.0025769006460905075,-0.0010380405001342297,0.0010380405001342297,0.0007093624444678426,-0.0007093625608831644,0.00047566855209879577,-0.00047566855209879577,-0.00033924629678949714,0.000339245714712888,0.0014251802349463105,-0.0014251803513616323,0.0011135776294395328,-0.0011135776294395328,-0.0009644858655519783,0.0009644862147979438,0.011663378216326237,-0.010663377121090889,0.004874036647379398,-0.004874036647379398,0.0013217832893133163,-0.0013217832893133163,9.806823800317943e-05,-9.806831076275557e-05,0.000670342764351517,-0.000670342764351517,0.0004845258663408458,-0.0004845258954446763,0.00047281256411224604,-0.00047281256411224604,0.0013127279235050082,-0.0013127279235050082,0.00035670166835188866,-0.0003567017847672105,-0.00029957768856547773,0.0002995777758769691,2.788315759971738e-05,-2.7883128495886922e-05,-0.0008337569888681173,0.0008337569888681173,0.0003839013515971601,-0.0003839013515971601,7.222221756819636e-05,-7.22221884643659e-05,-0.00012590688129421324,0.00012590683763846755,-0.0006231007282622159,0.0006231007864698768,0.00033378033549524844,-0.00033378033549524844],[0.0021317871287465096,-0.0021317871287465096,0.0005753561854362488,-0.000575357349589467,-0.002633185125887394,0.002633185125887394,0.002576901111751795,-0.002576901111751795,0.0010380405001342297,-0.0010380405001342297,-0.0007093623862601817,0.0007093625608831644,-0.00047566855209879577,0.00047566855209879577,0.0003392460639588535,-0.0003392453654669225,-0.0014251802349463105,0.0014251803513616323,-0.0011135776294395328,0.0011135776294395328,0.0009644858073443174,-0.0009644861565902829,-0.010663377121090889,0.011663377285003662,-0.004874036647379398,0.004874036647379398,-0.0013217832893133163,0.0013217832893133163,-9.806823800317943e-05,9.806831076275557e-05,-0.000670342764351517,0.000670342764351517,-0.0004845258663408458,0.0004845258954446763,-0.00047281256411224604,0.00047281256411224604,-0.0013127279235050082,0.0013127279235050082,-0.00035670166835188866,0.0003567017847672105,0.00029957768856547773,-0.0002995777758769691,-2.788315759971738e-05,2.7883128495886922e-05,0.0008337569888681173,-0.0008337569888681173,-0.0003839013515971601,0.0003839013515971601,-7.222221756819636e-05,7.22221884643659e-05,0.00012590688129421324,-0.00012590683763846755,0.0006231007282622159,-0.0006231007864698768,-0.00033378033549524844,0.00033378033549524844],[-0.0013312018709257245,0.0013312018709257245,-0.0028369538486003876,0.0028369533829391003,0.00010275148088112473,-0.00010275148088112473,0.00233593606390059,-0.00233593606390059,-0.0032401857897639275,0.0032401857897639275,-0.0015682688681408763,0.0015682695666328073,0.001019215676933527,-0.001019215676933527,-0.00112743373028934,0.00112743373028934,-0.0020349484402686357,0.002034948207437992,0.0019369727233424783,-0.0019369727233424783,-0.0016946616815403104,0.0016946616815403104,0.004874036647379398,-0.004874036647379398,0.012166526168584824,-0.011166529729962349,0.0009341506520286202,-0.0009341506520286202,-0.000394588423660025,0.00039458854007534683,-0.001868117949925363,0.0018681180663406849,-0.0002832871105056256,0.0002832869940903038,-3.5111719626002014e-05,3.5111719626002014e-05,0.0010004729265347123,-0.0010004729265347123,-0.00014519577962346375,0.00014519583783112466,0.0005932526546530426,-0.0005932527128607035,1.1981537682004273e-05,-1.198151585413143e-05,-0.00025793223176151514,0.0002579321735538542,-2.2297579562291503e-05,2.2297579562291503e-05,6.682280218228698e-05,-6.682283128611743e-05,0.0007527247071266174,-0.0007527246489189565,3.231942537240684e-05,-3.23194544762373e-05,-0.0004934726166538894,0.0004934726166538894],[0.0013312014052644372,-0.0013312014052644372,0.0028369540814310312,-0.002836953615769744,-0.00010275148088112473,0.00010275148088112473,-0.00233593606390059,0.00233593606390059,0.003240184858441353,-0.003240184858441353,0.0015682687517255545,-0.0015682694502174854,-0.0010192157933488488,0.0010192157933488488,0.0011274334974586964,-0.0011274336138740182,0.002034948207437992,-0.0020349479746073484,-0.0019369728397578,0.0019369728397578,0.0016946615651249886,-0.0016946615651249886,-0.004874036647379398,0.004874036647379398,-0.011166529729962349,0.012166529893875122,-0.0009341504191979766,0.0009341506520286202,0.00039458813262172043,-0.00039458824903704226,0.001868118648417294,-0.0018681187648326159,0.00028328673215582967,-0.0002832867030519992,3.511137038003653e-05,-3.5111253964714706e-05,-0.0010004728101193905,0.0010004728101193905,0.00014519569231197238,-0.00014519566320814192,-0.000593252363614738,0.0005932525382377207,-1.1981384886894375e-05,1.1981377610936761e-05,0.0002579323772806674,-0.00025793234817683697,2.2297201212495565e-05,-2.2297230316326022e-05,-6.682266393909231e-05,6.682272214675322e-05,-0.0007527247653342783,0.0007527247071266174,-3.2319079764420167e-05,3.231907612644136e-05,0.0004934727912768722,-0.0004934727912768722],[0.004909518640488386,-0.004909518640488386,0.002105012536048889,-0.00210501323454082,0.002553689293563366,-0.002553689293563366,0.0008062965935096145,-0.0008062965935096145,-0.0012695415643975139,0.0012695415643975139,-0.000120798300486058,0.00012079888256266713,0.003004466649144888,-0.003004466649144888,-0.0003856678958982229,0.0003856673138216138,-0.0006520207971334457,0.0006520205643028021,0.0006245897384360433,-0.0006245897384360433,-0.0007639064569957554,0.000763906049542129,0.0013217832893133163,-0.0013217832893133163,0.0009341506520286202,-0.0009341504191979766,0.017326481640338898,-0.016326481476426125,0.000986361992545426,-0.000986361876130104,0.001555557595565915,-0.001555557595565915,0.0005841505480930209,-0.0005841505480930209,0.0005983962910249829,-0.0005983962910249829,-0.000820772722363472,0.000820772722363472,0.0003602239885367453,-0.00036022395943291485,0.00019220990361645818,-0.00019220988906454295,0.0007249639020301402,-0.0007249638438224792,0.0012581920018419623,-0.0012581920018419623,0.0005100587732158601,-0.0005100587150081992,0.000527907453943044,-0.000527907453943044,0.0006486026104539633,-0.0006486026104539633,0.00015153786807786673,-0.0001515378971816972,0.0012171671260148287,-0.0012171672424301505],[-0.004909518640488386,0.004909518640488386,-0.002105012070387602,0.0021050134673714638,-0.0025536890607327223,0.0025536890607327223,-0.0008062965935096145,0.0008062965935096145,0.001269541447982192,-0.001269541447982192,0.00012079824227839708,-0.00012079870793968439,-0.003004466649144888,0.003004466649144888,0.00038566795410588384,-0.0003856673138216138,0.0006520207971334457,-0.0006520203314721584,-0.0006245900294743478,0.0006245900294743478,0.0007639065152034163,-0.0007639061659574509,-0.0013217832893133163,0.0013217832893133163,-0.0009341506520286202,0.0009341506520286202,-0.016326481476426125,0.017326481640338898,-0.000986361992545426,0.000986361876130104,-0.001555557595565915,0.001555557595565915,-0.0005841505480930209,0.0005841505480930209,-0.0005983962910249829,0.0005983962910249829,0.000820772722363472,-0.000820772722363472,-0.0003602239885367453,0.00036022395943291485,-0.00019220990361645818,0.00019220988906454295,-0.0007249639020301402,0.0007249638438224792,-0.0012581920018419623,0.0012581920018419623,-0.0005100587732158601,0.0005100587150081992,-0.000527907453943044,0.000527907453943044,-0.0006486026104539633,0.0006486026104539633,-0.00015153786807786673,0.0001515378971816972,-0.0012171671260148287,0.0012171672424301505],[-0.0022227794397622347,0.0022227794397622347,0.0001845775404945016,-0.00018457707483321428,-0.0018177444580942392,0.0018177444580942392,0.00026377016911283135,-0.00026377016911283135,-0.0004822193877771497,0.0004822193877771497,0.0011778126936405897,-0.0011778130428865552,-0.000524027505889535,0.000524027505889535,-0.0020107279997318983,0.0020107279997318983,0.0002693079586606473,-0.00026930798776447773,-0.0005544379237107933,0.0005544379237107933,0.0013723473530262709,-0.0013723475858569145,9.806823800317943e-05,-9.806823800317943e-05,-0.000394588423660025,0.00039458813262172043,0.000986361992545426,-0.000986361992545426,0.004242364317178726,-0.0032423650845885277,0.001577159739099443,-0.001577159739099443,0.002256477251648903,-0.0022564774844795465,0.0019206888973712921,-0.0019206888973712921,-0.0016220196848735213,0.0016220196848735213,0.00179387372918427,-0.00179387372918427,0.0005055807414464653,-0.0005055806250311434,-0.0008469526655972004,0.0008469527820125222,0.0007411000551655889,-0.0007411000551655889,0.0015370715409517288,-0.0015370715409517288,0.0013383814366534352,-0.0013383814366534352,-0.00033048883778974414,0.00033048883778974414,0.00025023045600391924,-0.0002502304269000888,0.0003985757939517498,-0.0003985757357440889],[0.0022227796725928783,-0.0022227796725928783,-0.00018457765690982342,0.00018457707483321428,0.0018177446909248829,-0.0018177446909248829,-0.00026377005269750953,0.00026377005269750953,0.00048221973702311516,-0.00048221973702311516,-0.0011778129264712334,0.001177813159301877,0.0005240276805125177,-0.0005240276805125177,0.0020107279997318983,-0.0020107277669012547,-0.00026930798776447773,0.0002693079295568168,0.0005544377490878105,-0.0005544377490878105,-0.0013723475858569145,0.0013723475858569145,-9.806831076275557e-05,9.806831076275557e-05,0.00039458854007534683,-0.00039458824903704226,-0.000986361876130104,0.000986361876130104,-0.0032423650845885277,0.004242365248501301,-0.0015771598555147648,0.0015771598555147648,-0.002256477251648903,0.0022564774844795465,-0.0019206888973712921,0.0019206888973712921,0.0016220202669501305,-0.0016220202669501305,-0.0017938734963536263,0.0017938734963536263,-0.000505580916069448,0.0005055808578617871,0.0008469530148431659,-0.0008469531312584877,-0.0007410997059196234,0.0007410997059196234,-0.001537071424536407,0.001537071424536407,-0.0013383812038227916,0.0013383812038227916,0.0003304887213744223,-0.0003304887213744223,-0.00025023039779625833,0.0002502303686924279,-0.0003985752700828016,0.00039857521187514067],[0.002258184365928173,-0.002258184365928173,0.0005904024001210928,-0.000590402283705771,0.00022933591390028596,-0.00022933591390028596,0.0008589444914832711,-0.0008589444914832711,-0.0017454596236348152,0.0017454596236348152,0.0007849165704101324,-0.0007849169196560979,-1.0792107786983252e-05,1.0792107786983252e-05,-0.0005037266528233886,0.0005037259543314576,-0.0027514328248798847,0.0027514323592185974,0.0007614693604409695,-0.0007614693604409695,0.00023832806618884206,-0.00023832812439650297,0.000670342764351517,-0.000670342764351517,-0.001868117949925363,0.001868118648417294,0.001555557595565915,-0.001555557595565915,0.001577159739099443,-0.0015771598555147648,0.002800039015710354,-0.0018000381533056498,0.0011101104319095612,-0.0011101104319095612,0.0016880255425348878,-0.0016880256589502096,-0.003316235728561878,0.003316235728561878,0.0008042328408919275,-0.0008042328408919275,0.001195230521261692,-0.001195230521261692,-0.003383802017197013,0.003383802017197013,0.00036479320260696113,-0.00036479320260696113,0.0007818235317245126,-0.0007818235899321735,0.0010471695568412542,-0.0010471695568412542,-0.0003258230572100729,0.00032582299900241196,2.918083919212222e-05,-2.918083919212222e-05,0.0007617283263243735,-0.0007617283263243735],[-0.002258184365928173,0.002258184365928173,-0.0005904024001210928,0.000590402283705771,-0.00022933597210794687,0.00022933597210794687,-0.0008589444914832711,0.0008589444914832711,0.001745459740050137,-0.001745459740050137,-0.0007849166286177933,0.000784916861448437,1.0792107786983252e-05,-1.0792107786983252e-05,0.0005037265364080667,-0.0005037259543314576,0.0027514328248798847,-0.0027514323592185974,-0.0007614693604409695,0.0007614693604409695,-0.00023832806618884206,0.00023832818260416389,-0.000670342764351517,0.000670342764351517,0.0018681180663406849,-0.0018681187648326159,-0.001555557595565915,0.001555557595565915,-0.001577159739099443,0.0015771598555147648,-0.0018000381533056498,0.002800038317218423,-0.0011101104319095612,0.0011101104319095612,-0.0016880255425348878,0.0016880256589502096,0.003316235728561878,-0.003316235728561878,-0.0008042328408919275,0.0008042328408919275,-0.001195230521261692,0.001195230521261692,0.003383802017197013,-0.003383802017197013,-0.00036479320260696113,0.000364793