{"epoch":0,"H":[[0.01783299259841442,-0.016832992434501648,0.004919062834233046,-0.004919062834233046,0.008245437406003475,-0.008245437406003475,0.004763336852192879,-0.004763336852192879,0.0029168592300266027,-0.002916858997195959,0.0013474412262439728,-0.0013474409934133291,0.0007374507840722799,-0.0007374507840722799,-0.001690479344688356,0.001690479228273034,0.0059653655625879765,-0.005965365096926689,0.0030792527832090855,-0.0030792527832090855,0.001324331620708108,-0.001324332202784717,0.0024292629677802324,-0.002429263200610876,-0.000719910953193903,0.0007199107203632593,0.0018545766361057758,-0.0018545768689364195,-0.0014999347040429711,0.0014999347040429711,-0.00029770107357762754,0.0002977010444737971,-0.000846455164719373,0.0008464552229270339,-0.000277926039416343,0.000277926039416343,0.0009872510563582182,-0.0009872510563582182,-0.0004300392174627632,0.0004300391592551023,-0.00040838474524207413,0.0004083847743459046,0.0015755386557430029,-0.0015755386557430029,0.002174949273467064,-0.002174949273467064,-0.00028566436958499253,0.0002856641367543489,-1.4963225112296641e-05,1.4963268768042326e-05,0.0012764680432155728,-0.0012764680432155728,0.002285815542563796,-0.002285815542563796,0.002070818794891238,-0.002070818794891238],[-0.016832992434501648,0.01783299259841442,-0.004919062834233046,0.004919062834233046,-0.008245437406003475,0.008245437406003475,-0.004763336852192879,0.004763336852192879,-0.0029168592300266027,0.002916858997195959,-0.0013474412262439728,0.0013474409934133291,-0.0007374507840722799,0.0007374507840722799,0.001690479344688356,-0.001690479228273034,-0.0059653655625879765,0.005965365096926689,-0.0030792527832090855,0.0030792527832090855,-0.001324331620708108,0.001324332202784717,-0.0024292629677802324,0.002429263200610876,0.000719910953193903,-0.0007199107203632593,-0.0018545766361057758,0.0018545768689364195,0.0014999347040429711,-0.0014999347040429711,0.00029770107357762754,-0.0002977010444737971,0.000846455164719373,-0.0008464552229270339,0.000277926039416343,-0.000277926039416343,-0.0009872510563582182,0.0009872510563582182,0.0004300392174627632,-0.0004300391592551023,0.00040838474524207413,-0.0004083847743459046,-0.0015755386557430029,0.0015755386557430029,-0.002174949273467064,0.002174949273467064,0.00028566436958499253,-0.0002856641367543489,1.4963225112296641e-05,-1.4963268768042326e-05,-0.0012764680432155728,0.0012764680432155728,-0.002285815542563796,0.002285815542563796,-0.002070818794891238,0.002070818794891238],[0.004919062834233046,-0.004919062834233046,0.01380828395485878,-0.012808283790946007,0.005064188502728939,-0.005064188037067652,0.002285528462380171,-0.002285528462380171,0.003896112088114023,-0.0038961111567914486,-0.0006544984644278884,0.0006544981151819229,-0.0013129685539752245,0.0013129683211445808,0.0008805911056697369,-0.0008805906400084496,0.004803084302693605,-0.004803084768354893,-0.00032432383159175515,0.00032432383159175515,0.0004124884435441345,-0.0004124887054786086,0.000991562381386757,-0.0009915620321407914,0.0007031490094959736,-0.0007031488348729908,0.0019386222120374441,-0.0019386222120374441,-0.000429487437941134,0.00042948726331815124,-0.0006981457117944956,0.0006981455953791738,-0.00035952613689005375,0.0003595262533053756,-0.0001708739437162876,0.00017087406013160944,0.0015705589903518558,-0.0015705589903518558,-0.000276494596619159,0.00027649448020383716,-0.000567206647247076,0.0005672065890394151,0.0010876680025830865,-0.0010876680025830865,0.002675408963114023,-0.0026754094287753105,-0.00023067076108418405,0.00023067045549396425,-4.4851196435047314e-05,4.485114186536521e-05,0.0015235783066600561,-0.0015235783066600561,0.0015764401759952307,-0.0015764401759952307,0.0018386340234428644,-0.0018386340234428644],[-0.004919062834233046,0.004919062834233046,-0.012808283790946007,0.01380828395485878,-0.005064188502728939,0.005064188037067652,-0.002285528462380171,0.002285528462380171,-0.003896112088114023,0.0038961111567914486,0.0006544984644278884,-0.0006544981151819229,0.0013129685539752245,-0.0013129683211445808,-0.0008805911056697369,0.0008805906400084496,-0.004803084302693605,0.004803084768354893,0.00032432383159175515,-0.00032432383159175515,-0.0004124884435441345,0.0004124887054786086,-0.000991562381386757,0.0009915620321407914,-0.0007031490094959736,0.0007031488348729908,-0.0019386222120374441,0.0019386222120374441,0.000429487437941134,-0.00042948726331815124,0.0006981457117944956,-0.0006981455953791738,0.00035952613689005375,-0.0003595262533053756,0.0001708739437162876,-0.00017087406013160944,-0.0015705589903518558,0.0015705589903518558,0.000276494596619159,-0.00027649448020383716,0.000567206647247076,-0.0005672065890394151,-0.0010876680025830865,0.0010876680025830865,-0.002675408963114023,0.0026754094287753105,0.00023067076108418405,-0.00023067045549396425,4.4851196435047314e-05,-4.485114186536521e-05,-0.0015235783066600561,0.0015235783066600561,-0.0015764401759952307,0.0015764401759952307,-0.0018386340234428644,0.0018386340234428644],[0.008245437406003475,-0.008245437406003475,0.005064188502728939,-0.005064188502728939,0.012754486873745918,-0.011754488572478294,0.001446626614779234,-0.001446626498363912,0.0026997223030775785,-0.002699722070246935,0.0009610984125174582,-0.0009610983543097973,-0.0011698926100507379,0.0011698922608047724,0.0022571529261767864,-0.0022571529261767864,-0.0015684489626437426,0.0015684494283050299,0.0006475798436440527,-0.0006475800182670355,0.0003730584867298603,-0.00037305880687199533,0.0010747285559773445,-0.0010747285559773445,0.001567998668178916,-0.0015679985517635942,0.0013044828083366156,-0.0013044829247519374,-0.0006172920693643391,0.0006172918947413564,-0.0015581203624606133,0.0015581202460452914,-0.0002753986045718193,0.00027539872098714113,0.0001354648411506787,-0.00013546471018344164,0.0013955181930214167,-0.0013955181930214167,-0.00020471708558034152,0.00020471694006118923,-0.00034567329566925764,0.0003456733247730881,0.0009992050472646952,-0.0009992050472646952,0.0020081058610230684,-0.0020081058610230684,-0.00019448265084065497,0.00019448244711384177,6.656909681623802e-05,-6.65691404719837e-05,0.0011430159211158752,-0.0011430159211158752,0.001851618755608797,-0.001851618755608797,0.001550860470160842,-0.001550860470160842],[-0.008245437406003475,0.008245437406003475,-0.005064188037067652,0.005064188037067652,-0.011754488572478294,0.012754487805068493,-0.001446626614779234,0.001446626498363912,-0.0026997223030775785,0.002699722070246935,-0.0009610984125174582,0.0009610983543097973,0.0011698926100507379,-0.0011698922608047724,-0.0022571529261767864,0.0022571529261767864,0.0015684489626437426,-0.0015684494283050299,-0.0006475798436440527,0.0006475800182670355,-0.0003730584867298603,0.00037305880687199533,-0.0010747285559773445,0.0010747285559773445,-0.001567998668178916,0.0015679985517635942,-0.0013044828083366156,0.0013044829247519374,0.0006172920693643391,-0.0006172918947413564,0.0015581203624606133,-0.0015581202460452914,0.0002753986045718193,-0.00027539872098714113,-0.0001354648411506787,0.00013546471018344164,-0.0013955181930214167,0.0013955181930214167,0.00020471708558034152,-0.00020471694006118923,0.00034567329566925764,-0.0003456733247730881,-0.0009992050472646952,0.0009992050472646952,-0.0020081058610230684,0.0020081058610230684,0.00019448265084065497,-0.00019448244711384177,-6.656909681623802e-05,6.65691404719837e-05,-0.0011430159211158752,0.0011430159211158752,-0.001851618755608797,0.001851618755608797,-0.001550860470160842,0.001550860470160842],[0.004763336852192879,-0.004763336852192879,0.002285528462380171,-0.002285528462380171,0.001446626614779234,-0.001446626614779234,0.009326506406068802,-0.008326505310833454,7.74086220189929e-05,-7.740873843431473e-05,0.0006002489826641977,-0.0006002488662488759,0.0007842336199246347,-0.0007842335617169738,0.0011233990080654621,-0.0011233990080654621,0.004450628533959389,-0.004450628068298101,0.0015920479781925678,-0.0015920477453619242,0.00034520626650191844,-0.00034520664485171437,0.0005182529566809535,-0.0005182528984732926,-0.002408034401014447,0.002408034401014447,0.00017801090143620968,-0.0001780110178515315,-0.0010887051466852427,0.001088704913854599,-0.00022340011491905898,0.00022339970746543258,-0.0007954398170113564,0.0007954397588036954,-0.000632331648375839,0.000632331648375839,4.887797695118934e-05,-4.887799150310457e-05,-0.0003991709090769291,0.00039917087997309864,-0.00013986181875225157,0.0001398618333041668,0.001002785051241517,-0.001002785051241517,0.0009576977463439107,-0.0009576977463439107,-0.00030914420494809747,0.00030914414674043655,-0.0004754069959744811,0.00047540696687065065,0.00014731692499481142,-0.00014731692499481142,0.0005999227869324386,-0.0005999227869324386,0.0001645940210437402,-0.00016459400649182498],[-0.004763336852192879,0.004763336852192879,-0.002285528462380171,0.002285528462380171,-0.001446626498363912,0.001446626498363912,-0.008326505310833454,0.009326506406068802,-7.740873843431473e-05,7.740885484963655e-05,-0.0006002488662488759,0.000600248749833554,-0.0007842332124710083,0.0007842335035093129,-0.0011233990080654621,0.0011233990080654621,-0.004450627602636814,0.004450627602636814,-0.0015920479781925678,0.0015920477453619242,-0.0003452062082942575,0.00034520658664405346,-0.0005182531313039362,0.0005182531895115972,0.002408034401014447,-0.0024080341681838036,-0.00017801084322854877,0.00017801094509195536,0.0010887050302699208,-0.0010887047974392772,0.00022340011491905898,-0.00022339970746543258,0.0007954398170113564,-0.0007954398752190173,0.0006323318812064826,-0.0006323318812064826,-4.88778023282066e-05,4.8877831432037055e-05,0.00039917079266160727,-0.00039917079266160727,0.00013986187695991248,-0.0001398618333041668,-0.0010027847019955516,0.0010027845855802298,-0.0009576977463439107,0.0009576977463439107,0.0003091441176366061,-0.0003091440594289452,0.00047540696687065065,-0.00047540690866298974,-0.00014731672126799822,0.00014731672126799822,-0.0005999229615554214,0.0005999229615554214,-0.00016459383186884224,0.00016459383186884224],[0.0029168592300266027,-0.0029168592300266027,0.003896112088114023,-0.003896112088114023,0.0026997223030775785,-0.0026997223030775785,7.74086220189929e-05,-7.740873843431473e-05,0.005247171502560377,-0.004247169941663742,0.0014806084800511599,-0.0014806084800511599,-0.0006139071774668992,0.000613907293882221,0.0026850176509469748,-0.0026850176509469748,-0.000885789399035275,0.0008857897482812405,6.352277705445886e-05,-6.352277705445886e-05,0.00048055467777885497,-0.0004805549106094986,0.0009045270853675902,-0.000904527201782912,-0.0012602756032720208,0.001260275486856699,0.00023888326541054994,-0.00023888327996246517,-0.00024094981199596077,0.000240949826547876,-0.00015957947471179068,0.00015957950381562114,-8.620187145425007e-05,8.62018860061653e-05,-2.0959108951501548e-05,2.095910531352274e-05,-0.0003595598682295531,0.0003595598682295531,-0.00010274454689351842,0.00010274454689351842,0.00013391606626100838,-0.00013391606626100838,9.795956430025399e-05,-9.795956430025399e-05,0.0001414912403561175,-0.00014149122580420226,-6.281682726694271e-05,6.281682726694271e-05,-4.6251654566731304e-05,4.625166184268892e-05,8.489885658491403e-05,-8.489885658491403e-05,0.00030088413041085005,-0.00030088413041085005,0.00018907737103290856,-0.00018907737103290856],[-0.002916858997195959,0.002916858997195959,-0.0038961111567914486,0.0038961111567914486,-0.002699722070246935,0.002699722070246935,-7.740873843431473e-05,7.740885484963655e-05,-0.004247169941663742,0.00524717103689909,-0.001480609062127769,0.0014806084800511599,0.0006139072356745601,-0.0006139072356745601,-0.002685017418116331,0.002685017418116331,0.0008857891662046313,-0.0008857891079969704,-6.352271884679794e-05,6.352271884679794e-05,-0.0004805547359865159,0.0004805546486750245,-0.0009045272599905729,0.0009045272599905729,0.0012602760689333081,-0.0012602760689333081,-0.00023888330906629562,0.00023888338182587177,0.00024094989930745214,-0.00024094989930745214,0.00015957935829646885,-0.0001595793874002993,8.620181324658915e-05,-8.620182052254677e-05,2.0959036191925406e-05,-2.0959039829904214e-05,0.00035955989733338356,-0.000359559926437214,0.00010274449596181512,-0.00010274449596181512,-0.0001339161244686693,0.0001339161244686693,-9.795960068004206e-05,9.795959340408444e-05,-0.00014149121125228703,0.00014149121125228703,6.281679088715464e-05,-6.281679088715464e-05,4.625158180715516e-05,-4.625159272109158e-05,-8.489884930895641e-05,8.489884930895641e-05,-0.00030088413041085005,0.0003008841013070196,-0.00018907716730609536,0.00018907716730609536],[0.0013474412262439728,-0.0013474412262439728,-0.0006544984644278884,0.0006544984644278884,0.0009610984125174582,-0.0009610984125174582,0.0006002489826641977,-0.0006002488662488759,0.0014806084800511599,-0.001480609062127769,0.005464750342071056,-0.004464749712496996,0.0010188330197706819,-0.0010188331361860037,0.0016691723139956594,-0.0016691724304109812,0.0017162186559289694,-0.001716218888759613,0.00074288115138188,-0.0007428810931742191,0.0017603101441636682,-0.0017603103769943118,0.00041371738188900054,-0.000413717410992831,-1.4984558220021427e-05,1.4984596418798901e-05,0.0005104122683405876,-0.0005104121519252658,0.00010704220039770007,-0.00010704220039770007,0.00021437639952637255,-0.00021437641407828778,0.00023230888473335654,-0.00023230888473335654,1.1760534107452258e-05,-1.176051955553703e-05,0.0001898277987493202,-0.0001898277987493202,0.00015130083193071187,-0.00015130081737879664,0.0002529118210077286,-0.0002529117919038981,-3.027440470759757e-05,3.0274382879724726e-05,0.00017103878781199455,-0.00017103880236390978,0.00014150688366498798,-0.00014150686911307275,1.0065028618555516e-05,-1.0065006790682673e-05,-0.00014676967111881822,0.000146769656566903,0.00018196464225184172,-0.0001819646276999265,0.00013169963494874537,-0.00013169962039683014],[-0.0013474409934133291,0.0013474409934133291,0.0006544981151819229,-0.0006544981151819229,-0.0009610983543097973,0.0009610983543097973,-0.0006002488662488759,0.000600248749833554,-0.0014806084800511599,0.0014806084800511599,-0.004464749712496996,0.005464749410748482,-0.0010188330197706819,0.0010188331361860037,-0.0016691723139956594,0.0016691724304109812,-0.0017162186559289694,0.001716218888759613,-0.00074288115138188,0.0007428810931742191,-0.0017603101441636682,0.0017603103769943118,-0.00041371738188900054,0.000413717410992831,1.4984558220021427e-05,-1.4984596418798901e-05,-0.0005104122683405876,0.0005104121519252658,-0.00010704220039770007,0.00010704220039770007,-0.00021437639952637255,0.00021437641407828778,-0.00023230888473335654,0.00023230888473335654,-1.1760534107452258e-05,1.176051955553703e-05,-0.0001898277987493202,0.0001898277987493202,-0.00015130083193071187,0.00015130081737879664,-0.0002529118210077286,0.0002529117919038981,3.027440470759757e-05,-3.0274382879724726e-05,-0.00017103878781199455,0.00017103880236390978,-0.00014150688366498798,0.00014150686911307275,-1.0065028618555516e-05,1.0065006790682673e-05,0.00014676967111881822,-0.000146769656566903,-0.00018196464225184172,0.0001819646276999265,-0.00013169963494874537,0.00013169962039683014],[0.0007374507840722799,-0.0007374507840722799,-0.0013129685539752245,0.0013129685539752245,-0.0011698926100507379,0.0011698926100507379,0.0007842336199246347,-0.0007842332124710083,-0.0006139071774668992,0.0006139072356745601,0.0010188330197706819,-0.0010188330197706819,0.011375808157026768,-0.010375807993113995,0.0010717879049479961,-0.0010717881377786398,0.00133619736880064,-0.0013361976016312838,0.0019184674602001905,-0.0019184672273695469,0.0006122422055341303,-0.0006122419727034867,-0.0010349428048357368,0.0010349429212510586,-0.0013151461025699973,0.0013151462189853191,-0.0009500809828750789,0.0009500809828750789,-7.975174230523407e-05,7.975180051289499e-05,0.00013220892287790775,-0.00013220880646258593,-0.00018857592658605427,0.00018857588293030858,-0.00019164138939231634,0.00019164138939231634,0.00010104061220772564,-0.00010104059765581042,-7.487600669264793e-05,7.487600669264793e-05,9.208661504089832e-05,-9.208661504089832e-05,0.0001136185965151526,-0.00011361861106706783,0.0008811973966658115,-0.0008811975130811334,-5.935867375228554e-05,5.9358630096539855e-05,-0.0001899939525173977,0.00018999393796548247,0.0008944773580878973,-0.0008944772416725755,0.00042308439151383936,-0.0004230844206176698,0.000828662421554327,-0.0008286624797619879],[-0.0007374507840722799,0.0007374507840722799,0.0013129683211445808,-0.0013129683211445808,0.0011698922608047724,-0.0011698922608047724,-0.0007842335617169738,0.0007842335035093129,0.000613907293882221,-0.0006139072356745601,-0.0010188331361860037,0.0010188331361860037,-0.010375807993113995,0.011375809088349342,-0.0010717875557020307,0.0010717874392867088,-0.001336198067292571,0.0013361978344619274,-0.0019184667617082596,0.0019184667617082596,-0.0006122419727034867,0.0006122417980805039,0.001034942572005093,-0.001034942688420415,0.0013151459861546755,-0.0013151461025699973,0.0009500809828750789,-0.0009500810410827398,7.975162588991225e-05,-7.975168409757316e-05,-0.00013220880646258593,0.0001322086900472641,0.00018857601389754564,-0.0001885759993456304,0.00019164153491146863,-0.00019164153491146863,-0.00010104087414219975,0.00010104085959028453,7.487593393307179e-05,-7.487593393307179e-05,-9.208664414472878e-05,9.208664414472878e-05,-0.00011361852375557646,0.00011361850920366123,-0.0008811975130811334,0.0008811975130811334,5.935874651186168e-05,-5.935868830420077e-05,0.0001899939525173977,-0.00018999396706931293,-0.0008944773580878973,0.0008944772416725755,-0.000423084624344483,0.0004230846534483135,-0.000828662421554327,0.0008286625379696488],[-0.001690479344688356,0.001690479344688356,0.0008805911056697369,-0.0008805911056697369,0.0022571529261767864,-0.0022571529261767864,0.0011233990080654621,-0.0011233990080654621,0.0026850176509469748,-0.002685017418116331,0.0016691723139956594,-0.0016691723139956594,0.0010717879049479961,-0.0010717875557020307,0.01063041016459465,-0.009630410000681877,0.0046514361165463924,-0.004651435650885105,-0.0001254162925761193,0.00012541627802420408,0.0006906208582222462,-0.0006906208582222462,0.00016528289415873587,-0.00016528292326256633,-0.0005470860050991178,0.0005470860633067787,0.002459813142195344,-0.0024598133750259876,-0.0003163000801578164,0.0003163000219501555,-0.0014382392400875688,0.0014382392400875688,-0.00020144677546340972,0.00020144674635957927,-0.00015848310431465507,0.00015848313341848552,-0.0008463322883471847,0.0008463324047625065,-0.00016311873332597315,0.00016311873332597315,-3.6406476283445954e-05,3.640650538727641e-05,7.610601460328326e-05,-7.610599277541041e-05,-0.0006101396284066141,0.000610139686614275,-0.0001740054285619408,0.00017400537035427988,-0.00021700943761970848,0.0002170093503082171,-0.00016075978055596352,0.0001607597660040483,2.465592115186155e-05,-2.465592115186155e-05,0.00012822466669604182,-0.00012822466669604182],[0.001690479228273034,-0.001690479228273034,-0.0008805906400084496,0.0008805906400084496,-0.0022571529261767864,0.0022571529261767864,-0.0011233990080654621,0.0011233990080654621,-0.0026850176509469748,0.002685017418116331,-0.0016691724304109812,0.0016691724304109812,-0.0010717881377786398,0.0010717874392867088,-0.009630410000681877,0.010630409233272076,-0.0046514361165463924,0.004651435650885105,0.0001254162925761193,-0.00012541627802420408,-0.0006906208582222462,0.0006906208582222462,-0.00016528289415873587,0.00016528292326256633,0.0005470860050991178,-0.0005470860633067787,-0.002459813142195344,0.0024598133750259876,0.0003163000801578164,-0.0003163000219501555,0.0014382392400875688,-0.0014382392400875688,0.00020144677546340972,-0.00020144674635957927,0.00015848310431465507,-0.00015848313341848552,0.0008463322883471847,-0.0008463324047625065,0.00016311873332597315,-0.00016311873332597315,3.6406476283445954e-05,-3.640650538727641e-05,-7.610601460328326e-05,7.610599277541041e-05,0.0006101396284066141,-0.000610139686614275,0.0001740054285619408,-0.00017400537035427988,0.00021700943761970848,-0.0002170093503082171,0.00016075978055596352,-0.0001607597660040483,-2.465592115186155e-05,2.465592115186155e-05,-0.00012822466669604182,0.00012822466669604182],[0.0059653655625879765,-0.0059653655625879765,0.004803084302693605,-0.004803084302693605,-0.0015684489626437426,0.0015684489626437426,0.004450628533959389,-0.004450627602636814,-0.000885789399035275,0.0008857891662046313,0.0017162186559289694,-0.0017162186559289694,0.00133619736880064,-0.001336198067292571,0.0046514361165463924,-0.0046514361165463924,0.009868425317108631,-0.008868426084518433,0.00045724445953965187,-0.0004572445759549737,6.339787796605378e-05,-6.339811079669744e-05,0.001197685138322413,-0.0011976852547377348,1.825383515097201e-05,-1.8253806047141552e-05,0.0028904457576572895,-0.002890446223318577,-0.0004881646600551903,0.0004881646018475294,0.000278659223113209,-0.0002786592813208699,-0.0003374821972101927,0.00033748213900253177,0.0003642781521193683,-0.0003642781521193683,0.00018566947255749255,-0.00018566947255749255,-0.0001047369878506288,0.00010473699512658641,1.805899773899e-05,-1.8059008652926423e-05,0.00020479358499869704,-0.00020479358499869704,0.0008007081341929734,-0.0008007081924006343,-9.928284998750314e-05,9.928279177984223e-05,0.00017436619964428246,-0.00017436619964428246,0.0005416820640675724,-0.0005416820640675724,0.00014742990606464446,-0.00014742990606464446,0.001023013610392809,-0.001023013610392809],[-0.005965365096926689,0.005965365096926689,-0.004803084768354893,0.004803084768354893,0.0015684494283050299,-0.0015684494283050299,-0.004450628068298101,0.004450627602636814,0.0008857897482812405,-0.0008857891079969704,-0.001716218888759613,0.001716218888759613,-0.0013361976016312838,0.0013361978344619274,-0.004651435650885105,0.004651435650885105,-0.008868426084518433,0.009868425317108631,-0.00045724445953965187,0.0004572445759549737,-6.339819810818881e-05,6.339808169286698e-05,-0.0011976850219070911,0.001197685138322413,-1.8253529560752213e-05,1.8253718735650182e-05,-0.0028904457576572895,0.002890445990487933,0.00048816451453603804,-0.00048816442722454667,-0.000278659223113209,0.0002786592813208699,0.0003374823136255145,-0.0003374822554178536,-0.0003642780939117074,0.0003642780939117074,-0.00018566926883067936,0.00018566926883067936,0.00010473692964296788,-0.00010473692964296788,-1.8059034118778072e-05,1.8059030480799265e-05,-0.00020479352679103613,0.00020479352679103613,-0.0008007079013623297,0.0008007079595699906,9.928275540005416e-05,-9.928269719239324e-05,-0.00017436612688470632,0.00017436614143662155,-0.0005416818894445896,0.0005416818894445896,-0.000147429876960814,0.00014742984785698354,-0.0010230131447315216,0.0010230131447315216],[0.0030792527832090855,-0.0030792527832090855,-0.00032432383159175515,0.00032432383159175515,0.0006475798436440527,-0.0006475798436440527,0.0015920479781925678,-0.0015920479781925678,6.352277705445886e-05,-6.352271884679794e-05,0.00074288115138188,-0.00074288115138188,0.0019184674602001905,-0.0019184667617082596,-0.0001254162925761193,0.0001254162925761193,0.00045724445953965187,-0.00045724445953965187,0.005291961133480072,-0.004291960503906012,0.00031499593751505017,-0.00031499587930738926,-0.00023401944781653583,0.00023401938960887492,-0.00012089491065125912,0.00012089492520317435,-0.0007070961873978376,0.0007070961873978376,0.0007595376810058951,-0.0007595376227982342,0.0005021377000957727,-0.0005021377000957727,0.00045903268619440496,-0.0004590326570905745,-0.00015665509272366762,0.00015665512182749808,4.828126839129254e-05,-4.8281253839377314e-05,0.0003868871135637164,-0.0003868871135637164,6.034667603671551e-05,-6.034666148480028e-05,0.0003728361625690013,-0.0003728361916728318,0.0008073889184743166,-0.0008073889184743166,0.0002477396046742797,-0.0002477396046742797,-9.239741484634578e-05,9.239750215783715e-05,0.0003601941280066967,-0.0003601940697990358,0.0005150124197825789,-0.0005150124197825789,0.00037661497481167316,-0.00037661497481167316],[-0.0030792527832090855,0.0030792527832090855,0.00032432383159175515,-0.00032432383159175515,-0.0006475800182670355,0.0006475800182670355,-0.0015920477453619242,0.0015920477453619242,-6.352277705445886e-05,6.352271884679794e-05,-0.0007428810931742191,0.0007428810931742191,-0.0019184672273695469,0.0019184667617082596,0.00012541627802420408,-0.00012541627802420408,-0.0004572445759549737,0.0004572445759549737,-0.004291960503906012,0.005291960202157497,-0.00031499596661888063,0.00031499593751505017,0.000234019331401214,-0.00023401941871270537,0.00012089482333976775,-0.00012089486699551344,0.0007070961873978376,-0.0007070961873978376,-0.0007595376227982342,0.0007595376227982342,-0.0005021377583034337,0.0005021378165110946,-0.0004590325406752527,0.00045903262798674405,0.00015665509272366762,-0.000156655180035159,-4.8281326598953456e-05,4.828128294320777e-05,-0.00038688708445988595,0.0003868870553560555,-6.0346705140545964e-05,6.0346705140545964e-05,-0.00037283607525750995,0.00037283607525750995,-0.0008073889766819775,0.0008073890348896384,-0.0002477396046742797,0.00024773963377811015,9.239737846655771e-05,-9.239746577804908e-05,-0.00036019404069520533,0.0003601940115913749,-0.0005150124197825789,0.0005150124197825789,-0.00037661477108485997,0.0003766147419810295],[0.001324331620708108,-0.001324331620708108,0.0004124884435441345,-0.0004124884435441345,0.0003730584867298603,-0.0003730584867298603,0.00034520626650191844,-0.0003452062082942575,0.00048055467777885497,-0.0004805547359865159,0.0017603101441636682,-0.0017603101441636682,0.0006122422055341303,-0.0006122419727034867,0.0006906208582222462,-0.0006906208582222462,6.339787796605378e-05,-6.339819810818881e-05,0.00031499593751505017,-0.00031499596661888063,0.0030966803897172213,-0.00209668162278831,0.00017879587539937347,-0.00017879580263979733,-0.000550139753613621,0.0005501398118212819,0.0003139896143693477,-0.0003139895270578563,-0.00021058385027572513,0.00021058387937955558,-0.00041321045137010515,0.00041321045137010515,-0.00014734886644873768,0.0001473488810006529,-0.0001385659270454198,0.00013856594159733504,-0.00010745780309662223,0.00010745781764853746,-6.237481284188107e-05,6.237481284188107e-05,-0.00012789302854798734,0.00012789302854798734,-8.321370114572346e-05,8.321370114572346e-05,7.071013533277437e-05,-7.071013533277437e-05,-6.480817683041096e-05,6.480816955445334e-05,-5.997467815177515e-05,5.9974659961881116e-05,-1.5706027625128627e-05,1.570602398714982e-05,6.201979704201221e-05,-6.201979704201221e-05,0.0001149831514339894,-0.0001149831514339894],[-0.001324332202784717,0.001324332202784717,-0.0004124887054786086,0.0004124887054786086,-0.00037305880687199533,0.00037305880687199533,-0.00034520664485171437,0.00034520658664405346,-0.0004805549106094986,0.0004805546486750245,-0.0017603103769943118,0.0017603103769943118,-0.0006122419727034867,0.0006122417980805039,-0.0006906208582222462,0.0006906208582222462,-6.339811079669744e-05,6.339808169286698e-05,-0.00031499587930738926,0.00031499593751505017,-0.00209668162278831,0.003096681321039796,-0.0001787958899512887,0.0001787958899512887,0.0005501399282366037,-0.0005501399864442647,-0.00031398970168083906,0.0003139897307846695,0.00021058402489870787,-0.0002105839957948774,0.00041321065509691834,-0.0004132106259930879,0.00014734899741597474,-0.00014734896831214428,0.00013856595614925027,-0.00013856598525308073,0.00010745775944087654,-0.00010745775944087654,6.237484922166914e-05,-6.237484922166914e-05,0.00012789314496330917,-0.00012789314496330917,8.321367931785062e-05,-8.321367931785062e-05,-7.071018626447767e-05,7.071019354043528e-05,6.480826414190233e-05,-6.48082495899871e-05,5.9974699979647994e-05,-5.997468178975396e-05,1.5706067642895505e-05,-1.5706064004916698e-05,-6.20197897660546e-05,6.20197897660546e-05,-0.00011498306412249804,0.00011498306412249804],[0.0024292629677802324,-0.0024292629677802324,0.000991562381386757,-0.000991562381386757,0.0010747285559773445,-0.0010747285559773445,0.0005182529566809535,-0.0005182531313039362,0.0009045270853675902,-0.0009045272599905729,0.00041371738188900054,-0.00041371738188900054,-0.0010349428048357368,0.001034942572005093,0.00016528289415873587,-0.00016528289415873587,0.001197685138322413,-0.0011976850219070911,-0.00023401944781653583,0.000234019331401214,0.00017879587539937347,-0.0001787958899512887,0.002732171444222331,-0.001732171280309558,0.000309554859995842,-0.0003095549182035029,0.0002610720694065094,-0.0002610721858218312,1.671924110269174e-05,-1.671927748247981e-05,0.0006194821908138692,-0.000619482365436852,4.5984885218786076e-05,-4.5984885218786076e-05,1.1344307495164685e-05,-1.1344307495164685e-05,0.00014567513426300138,-0.00014567511971108615,8.900995453586802e-05,-8.90099472599104e-05,0.00013952856534160674,-0.0001395285507896915,7.092567102517933e-05,-7.09256564732641e-05,0.0002954030642285943,-0.00029540309333242476,5.188885552342981e-05,-5.188888462726027e-05,-3.206025576218963e-05,3.206027759006247e-05,0.000128736108308658,-0.000128736108308658,0.00032487878343090415,-0.00032487878343090415,0.00024805517750792205,-0.00024805517750792205],[-0.002429263200610876,0.002429263200610876,-0.0009915620321407914,0.0009915620321407914,-0.0010747285559773445,0.0010747285559773445,-0.0005182528984732926,0.0005182531895115972,-0.000904527201782912,0.0009045272599905729,-0.000413717410992831,0.000413717410992831,0.0010349429212510586,-0.001034942688420415,-0.00016528292326256633,0.00016528292326256633,-0.0011976852547377348,0.001197685138322413,0.00023401938960887492,-0.00023401941871270537,-0.00017879580263979733,0.0001787958899512887,-0.001732171280309558,0.0027321709785610437,-0.0003095547726843506,0.00030955480178818107,-0.0002610720694065094,0.00026107215671800077,-1.6719299310352653e-05,1.6719335690140724e-05,-0.000619482365436852,0.000619482365436852,-4.5984910684637725e-05,4.598493978846818e-05,-1.1344440281391144e-05,1.1344454833306372e-05,-0.00014567516336683184,0.0001456751488149166,-8.90099981916137e-05,8.900997636374086e-05,-0.0001395286526530981,0.0001395286526530981,-7.092569285305217e-05,7.092568557709455e-05,-0.0002954031515400857,0.00029540318064391613,-5.188886643736623e-05,5.188890645513311e-05,3.2060168450698256e-05,-3.2060183002613485e-05,-0.00012873616651631892,0.00012873616651631892,-0.00032487878343090415,0.00032487878343090415,-0.00024805523571558297,0.00024805523571558297],[-0.000719910953193903,0.000719910953193903,0.0007031490094959736,-0.0007031490094959736,0.001567998668178916,-0.001567998668178916,-0.002408034401014447,0.002408034401014447,-0.0012602756032720208,0.0012602760689333081,-1.4984558220021427e-05,1.4984558220021427e-05,-0.0013151461025699973,0.0013151459861546755,-0.0005470860050991178,0.0005470860050991178,1.825383515097201e-05,-1.8253529560752213e-05,-0.00012089491065125912,0.00012089482333976775,-0.000550139753613621,0.0005501399282366037,0.000309554859995842,-0.0003095547726843506,0.004021283704787493,-0.0030212844721972942,0.00017211293743457645,-0.00017211303929798305,4.968112625647336e-05,-4.9681286327540874e-05,-4.333670949563384e-05,4.3336680391803384e-05,5.189650983083993e-05,-5.189646617509425e-05,0.00010358191502746195,-0.00010358195868320763,0.0004718981799669564,-0.0004718981799669564,3.056096829823218e-05,-3.056096829823218e-05,-0.00017035967903211713,0.00017035967903211713,9.5023526228033e-05,-9.502354805590585e-05,0.0006284881383180618,-0.0006284881383180618,-1.8181934137828648e-05,1.8181897758040577e-05,8.765651728026569e-05,-8.765655366005376e-05,0.00027658307226374745,-0.00027658307226374745,0.0003610811254475266,-0.0003610811254475266,0.00033747407724149525,-0.0003374741063453257],[0.0007199107203632593,-0.0007199107203632593,-0.0007031488348729908,0.0007031488348729908,-0.0015679985517635942,0.0015679985517635942,0.002408034401014447,-0.0024080341681838036,0.001260275486856699,-0.0012602760689333081,1.4984596418798901e-05,-1.4984596418798901e-05,0.0013151462189853191,-0.0013151461025699973,0.0005470860633067787,-0.0005470860633067787,-1.8253806047141552e-05,1.8253718735650182e-05,0.00012089492520317435,-0.00012089486699551344,0.0005501398118212819,-0.0005501399864442647,-0.0003095549182035029,0.00030955480178818107,-0.0030212844721972942,0.004021284636110067,-0.00017211292288266122,0.00017211299564223737,-4.968124267179519e-05,4.9681271775625646e-05,4.333670949563384e-05,-4.333673132350668e-05,-5.189647345105186e-05,5.1896531658712775e-05,-0.0001035819441312924,0.00010358187864767388,-0.0004718981508631259,0.0004718981508631259,-3.0561026505893096e-05,3.0561026505893096e-05,0.00017035967903211713,-0.00017035967903211713,-9.502345346845686e-05,9.502348984824494e-05,-0.0006284881965257227,0.0006284882547333837,1.8181966879637912e-05,-1.8181901396019384e-05,-8.765656093601137e-05,8.765659003984183e-05,-0.00027658307226374745,0.000276583043159917,-0.0003610811254475266,0.0003610811254475266,-0.0003374739899300039,0.0003374739899300039],[0.0018545766361057758,-0.0018545766361057758,0.0019386222120374441,-0.0019386222120374441,0.0013044828083366156,-0.0013044828083366156,0.00017801090143620968,-0.00017801084322854877,0.00023888326541054994,-0.00023888330906629562,0.0005104122683405876,-0.0005104122683405876,-0.0009500809828750789,0.0009500809828750789,0.002459813142195344,-0.002459813142195344,0.0028904457576572895,-0.0028904457576572895,-0.0007070961873978376,0.0007070961873978376,0.0003139896143693477,-0.00031398970168083906,0.0002610720694065094,-0.0002610720694065094,0.00017211293743457645,-0.00017211292288266122,0.00432654470205307,-0.003326544538140297,-0.0006666354602202773,0.0006666352855972946,-0.00041117443470284343,0.0004111743182875216,-0.00042773832683451474,0.0004277382977306843,-0.0001674384984653443,0.00016743852756917477,0.0006255200714804232,-0.0006255200714804232,-0.000325066881487146,0.000325066881487146,-0.0002094461815431714,0.0002094461815431714,0.0002863275003619492,-0.00028632747125811875,0.00016594654880464077,-0.00016594654880464077,-0.00023161860008258373,0.00023161852732300758,-5.0105805712519214e-05,5.010578388464637e-05,0.00026081743999384344,-0.000260817410890013,0.000536103849299252,-0.000536103849299252,0.00040677087963558733,-0.00040677087963558733],[-0.0018545768689364195,0.0018545768689364195,-0.0019386222120374441,0.0019386222120374441,-0.0013044829247519374,0.0013044829247519374,-0.0001780110178515315,0.00017801094509195536,-0.00023888327996246517,0.00023888338182587177,-0.0005104121519252658,0.0005104121519252658,0.0009500809828750789,-0.0009500810410827398,-0.0024598133750259876,0.0024598133750259876,-0.002890446223318577,0.002890445990487933,0.0007070961873978376,-0.0007070961873978376,-0.0003139895270578563,0.0003139897307846695,-0.0002610721858218312,0.00026107215671800077,-0.00017211303929798305,0.00017211299564223737,-0.003326544538140297,0.004326544236391783,0.0006666352273896337,-0.0006666351691819727,0.00041117440559901297,-0.0004111743764951825,0.0004277382977306843,-0.0004277383559383452,0.00016743838205002248,-0.00016743841115385294,-0.000625520187895745,0.000625520187895745,0.00032506685238331556,-0.0003250668232794851,0.0002094461815431714,-0.00020944619609508663,-0.0002863275003619492,0.00028632747125811875,-0.00016594657790847123,0.00016594660701230168,0.00023161857097875327,-0.00023161849821917713,5.010575841879472e-05,-5.010575114283711e-05,-0.00026081749820150435,0.0002608174690976739,-0.000536103849299252,0.000536103849299252,-0.0004067710251547396,0.0004067710251547396],[-0.0014999347040429711,0.0014999347040429711,-0.000429487437941134,0.000429487437941134,-0.0006172920693643391,0.0006172920693643391,-0.0010887051466852427,0.0010887050302699208,-0.00024094981199596077,0.00024094989930745214,0.00010704220039770007,-0.00010704220039770007,-7.975174230523407e-05,7.975162588991225e-05,-0.0003163000801578164,0.0003163000801578164,-0.0004881646600551903,0.00048816451453603804,0.0007595376810058951,-0.0007595376227982342,-0.00021058385027572513,0.00021058402489870787,1.671924110269174e-05,-1.6719299310352653e-05,4.968112625647336e-05,-4.968124267179519e-05,-0.0006666354602202773,0.0006666352273896337,0.00432228296995163,-0.0033222828060388565,0.001918282127007842,-0.001918282127007842,0.001859067939221859,-0.0018590680556371808,0.0011722644558176398,-0.0011722644558176398,-0.0006137338350526989,0.0006137338350526989,0.0012904054019600153,-0.0012904054019600153,0.0009491412783972919,-0.0009491412783972919,-0.00048442534171044827,0.00048442534171044827,-2.297542232554406e-05,2.297540777362883e-05,0.0009434783132746816,-0.0009434784296900034,0.0006471574306488037,-0.0006471574306488037,-0.0005298488540574908,0.0005298489122651517,8.194982365239412e-05,-8.194982365239412e-05,8.432845788775012e-05,-8.432846516370773e-05],[0.0014999347040429711,-0.0014999347040429711,0.00042948726331815124,-0.00042948726331815124,0.0006172918947413564,-0.0006172918947413564,0.001088704913854599,-0.0010887047974392772,0.000240949826547876,-0.00024094989930745214,-0.00010704220039770007,0.00010704220039770007,7.975180051289499e-05,-7.975168409757316e-05,0.0003163000219501555,-0.0003163000219501555,0.0004881646018475294,-0.00048816442722454667,-0.0007595376227982342,0.0007595376227982342,0.00021058387937955558,-0.0002105839957948774,-1.671927748247981e-05,1.6719335690140724e-05,-4.9681286327540874e-05,4.9681271775625646e-05,0.0006666352855972946,-0.0006666351691819727,-0.0033222828060388565,0.00432228296995163,-0.001918282127007842,0.0019182820105925202,-0.0018590681720525026,0.0018590681720525026,-0.001172264339402318,0.0011722644558176398,0.0006137336604297161,-0.0006137336022220552,-0.0012904054019600153,0.0012904054019600153,-0.0009491412783972919,0.0009491413366049528,0.00048442522529512644,-0.00048442528350278735,2.2975364117883146e-05,-2.2975378669798374e-05,-0.0009434783132746816,0.0009434783714823425,-0.0006471575470641255,0.0006471574306488037,0.0005298487958498299,-0.0005298489122651517,-8.195001282729208e-05,8.195001282729208e-05,-8.432842150796205e-05,8.432842150796205e-05],[-0.00029770107357762754,0.00029770107357762754,-0.0006981457117944956,0.0006981457117944956,-0.0015581203624606133,0.0015581203624606133,-0.00022340011491905898,0.00022340011491905898,-0.00015957947471179068,0.00015957935829646885,0.00021437639952637255,-0.00021437639952637255,0.00013220892287790775,-0.00013220880646258593,-0.0014382392400875688,0.0014382392400875688,0.000278659223113209,-0.000278659223113209,0.0005021377000957727,-0.0005021377583034337,-0.00041321045137010515,0.00041321065509691834,0.0006194821908138692,-0.000619482365436852,-4.333670949563384e-05,4.333670949563384e-05,-0.00041117443470284343,0.00041117440559901297,0.001918282127007842,-0.001918282127007842,0.005155283957719803,-0.00415528379380703,0.0012214754242449999,-0.0012214754242449999,0.00143788184504956,-0.0014378817286342382,-0.0002936504315584898,0.0002936503733508289,0.0008625403861515224,-0.0008625403279438615,0.0015939330914989114,-0.0015939330914989114,7.441703928634524e-06,-7.441500201821327e-06,0.0005526198074221611,-0.0005526198074221611,0.0006560145993717015,-0.0006560145993717015,0.000820815097540617,-0.000820815097540617,0.00037947460077703,-0.0003794745425693691,0.0006928275106474757,-0.0006928275106474757,0.00028412858955562115,-0.00028412858955562115],[0.0002977010444737971,-0.0002977010444737971,0.0006981455953791738,-0.0006981455953791738,0.0015581202460452914,-0.0015581202460452914,0.00022339970746543258,-0.00022339970746543258,0.00015957950381562114,-0.0001595793874002993,-0.00021437641407828778,0.00021437641407828778,-0.00013220880646258593,0.0001322086900472641,0.0014382392400875688,-0.0014382392400875688,-0.0002786592813208699,0.0002786592813208699,-0.0005021377000957727,0.0005021378165110946,0.00041321045137010515,-0.0004132106259930879,-0.000619482365436852,0.000619482365436852,4.3336680391803384e-05,-4.333673132350668e-05,0.0004111743182875216,-0.0004111743764951825,-0.001918282127007842,0.0019182820105925202,-0.00415528379380703,0.005155283957719803,-0.001221475307829678,0.001221475307